TIMESTAMP,TRACK_ID,OBJECT_TYPE,X,Y,CITY_NAME,REF_xmin,AUGMENT_TYPE,AUGMENT_DIRECTION,ATTACK_POWER_TYPE
32.0,52180,AGENT,-8.45005,2043.95,MIA,-113.26876194775105,1,0,8.0
32.1,52180,AGENT,-8.95808,2043.93,MIA,-113.26876194775105,1,0,8.0
32.2,52180,AGENT,-9.4661,2043.91,MIA,-113.26876194775105,1,0,8.0
32.3,52180,AGENT,-9.97412,2043.89,MIA,-113.26876194775105,1,0,8.0
32.4,52180,AGENT,-10.4821,2043.87,MIA,-113.26876194775105,1,0,8.0
32.5,52180,AGENT,-10.9901,2043.85,MIA,-113.26876194775105,1,0,8.0
32.6,52180,AGENT,-11.4981,2043.82,MIA,-113.26876194775105,1,0,8.0
32.7,52180,AGENT,-12.0061,2043.8,MIA,-113.26876194775105,1,0,8.0
32.8,52180,AGENT,-12.5141,2043.78,MIA,-113.26876194775105,1,0,8.0
32.9,52180,AGENT,-13.0221,2043.76,MIA,-113.26876194775105,1,0,8.0
33.0,52180,AGENT,-13.5301,2043.74,MIA,-113.26876194775105,1,0,8.0
33.1,52180,AGENT,-14.0381,2043.72,MIA,-113.26876194775105,1,0,8.0
33.2,52180,AGENT,-14.5461,2043.69,MIA,-113.26876194775105,1,0,8.0
33.3,52180,AGENT,-15.0541,2043.67,MIA,-113.26876194775105,1,0,8.0
33.4,52180,AGENT,-15.562,2043.65,MIA,-113.26876194775105,1,0,8.0
33.5,52180,AGENT,-16.07,2043.63,MIA,-113.26876194775105,1,0,8.0
33.6,52180,AGENT,-16.578,2043.61,MIA,-113.26876194775105,1,0,8.0
33.7,52180,AGENT,-17.0859,2043.58,MIA,-113.26876194775105,1,0,8.0
33.8,52180,AGENT,-17.5939,2043.56,MIA,-113.26876194775105,1,0,8.0
33.9,52180,AGENT,-18.1019,2043.54,MIA,-113.26876194775105,1,0,8.0
34.0,52180,AGENT,-18.6098,2043.52,MIA,-113.26876194775105,1,0,8.0
34.1,52180,AGENT,-19.1178,2043.49,MIA,-113.26876194775105,1,0,8.0
34.2,52180,AGENT,-19.6257,2043.47,MIA,-113.26876194775105,1,0,8.0
34.3,52180,AGENT,-20.1337,2043.45,MIA,-113.26876194775105,1,0,8.0
34.4,52180,AGENT,-20.6416,2043.43,MIA,-113.26876194775105,1,0,8.0
34.5,52180,AGENT,-21.1496,2043.4,MIA,-113.26876194775105,1,0,8.0
34.6,52180,AGENT,-21.6575,2043.38,MIA,-113.26876194775105,1,0,8.0
34.7,52180,AGENT,-22.1655,2043.36,MIA,-113.26876194775105,1,0,8.0
34.8,52180,AGENT,-22.6734,2043.34,MIA,-113.26876194775105,1,0,8.0
34.9,52180,AGENT,-23.1814,2043.31,MIA,-113.26876194775105,1,0,8.0
35.0,52180,AGENT,-23.6893,2043.29,MIA,-113.26876194775105,1,0,8.0
35.1,52180,AGENT,-24.1973,2043.27,MIA,-113.26876194775105,1,0,8.0
35.2,52180,AGENT,-24.7052,2043.25,MIA,-113.26876194775105,1,0,8.0
35.3,52180,AGENT,-25.2132,2043.22,MIA,-113.26876194775105,1,0,8.0
35.4,52180,AGENT,-25.7211,2043.2,MIA,-113.26876194775105,1,0,8.0
35.5,52180,AGENT,-26.2291,2043.18,MIA,-113.26876194775105,1,0,8.0
35.6,52180,AGENT,-26.7375,2043.16,MIA,-113.26876194775105,1,0,8.0
35.7,52180,AGENT,-27.2464,2043.13,MIA,-113.26876194775105,1,0,8.0
35.8,52180,AGENT,-27.7561,2043.11,MIA,-113.26876194775105,1,0,8.0
35.9,52180,AGENT,-28.265,2043.09,MIA,-113.26876194775105,1,0,8.0
36.0,52180,AGENT,-28.7719,2043.06,MIA,-113.26876194775105,1,0,8.0
36.1,52180,AGENT,-29.2767,2043.04,MIA,-113.26876194775105,1,0,8.0
36.2,52180,AGENT,-29.7756,2043.02,MIA,-113.26876194775105,1,0,8.0
36.3,52180,AGENT,-30.265,2043.0,MIA,-113.26876194775105,1,0,8.0
36.4,52180,AGENT,-30.7487,2042.98,MIA,-113.26876194775105,1,0,8.0
36.5,52180,AGENT,-31.2314,2042.96,MIA,-113.26876194775105,1,0,8.0
36.6,52180,AGENT,-31.7143,2042.94,MIA,-113.26876194775105,1,0,8.0
36.7,52180,AGENT,-32.1976,2042.91,MIA,-113.26876194775105,1,0,8.0
36.8,52180,AGENT,-32.6815,2042.89,MIA,-113.26876194775105,1,0,8.0
36.9,52180,AGENT,-33.1661,2042.87,MIA,-113.26876194775105,1,0,8.0
