TIMESTAMP,TRACK_ID,OBJECT_TYPE,X,Y,CITY_NAME,REF_xmin,AUGMENT_TYPE,AUGMENT_DIRECTION,ATTACK_POWER_TYPE
8.0,52180,AGENT,4213.4,2557.3,PIT,4181.3215135684,1,0,6.0
8.1,52180,AGENT,4212.82,2557.17,PIT,4181.3215135684,1,0,6.0
8.2,52180,AGENT,4212.24,2557.05,PIT,4181.3215135684,1,0,6.0
8.3,52180,AGENT,4211.67,2556.92,PIT,4181.3215135684,1,0,6.0
8.4,52180,AGENT,4211.11,2556.8,PIT,4181.3215135684,1,0,6.0
8.5,52180,AGENT,4210.56,2556.68,PIT,4181.3215135684,1,0,6.0
8.6,52180,AGENT,4210.02,2556.57,PIT,4181.3215135684,1,0,6.0
8.7,52180,AGENT,4209.49,2556.45,PIT,4181.3215135684,1,0,6.0
8.8,52180,AGENT,4208.97,2556.34,PIT,4181.3215135684,1,0,6.0
8.9,52180,AGENT,4208.46,2556.23,PIT,4181.3215135684,1,0,6.0
9.0,52180,AGENT,4207.96,2556.12,PIT,4181.3215135684,1,0,6.0
9.1,52180,AGENT,4207.46,2556.01,PIT,4181.3215135684,1,0,6.0
9.2,52180,AGENT,4206.97,2555.91,PIT,4181.3215135684,1,0,6.0
9.3,52180,AGENT,4206.49,2555.8,PIT,4181.3215135684,1,0,6.0
9.4,52180,AGENT,4206.01,2555.7,PIT,4181.3215135684,1,0,6.0
9.5,52180,AGENT,4205.54,2555.59,PIT,4181.3215135684,1,0,6.0
9.6,52180,AGENT,4205.06,2555.49,PIT,4181.3215135684,1,0,6.0
9.7,52180,AGENT,4204.59,2555.38,PIT,4181.3215135684,1,0,6.0
9.8,52180,AGENT,4204.11,2555.28,PIT,4181.3215135684,1,0,6.0
9.9,52180,AGENT,4203.64,2555.17,PIT,4181.3215135684,1,0,6.0
10.0,52180,AGENT,4203.16,2555.07,PIT,4181.3215135684,1,0,6.0
10.1,52180,AGENT,4202.69,2554.96,PIT,4181.3215135684,1,0,6.0
10.2,52180,AGENT,4202.22,2554.86,PIT,4181.3215135684,1,0,6.0
10.3,52180,AGENT,4201.75,2554.75,PIT,4181.3215135684,1,0,6.0
10.4,52180,AGENT,4201.29,2554.65,PIT,4181.3215135684,1,0,6.0
10.5,52180,AGENT,4200.83,2554.55,PIT,4181.3215135684,1,0,6.0
10.6,52180,AGENT,4200.38,2554.45,PIT,4181.3215135684,1,0,6.0
10.7,52180,AGENT,4199.93,2554.34,PIT,4181.3215135684,1,0,6.0
10.8,52180,AGENT,4199.48,2554.24,PIT,4181.3215135684,1,0,6.0
10.9,52180,AGENT,4199.02,2554.14,PIT,4181.3215135684,1,0,6.0
11.0,52180,AGENT,4198.57,2554.04,PIT,4181.3215135684,1,0,6.0
11.1,52180,AGENT,4198.11,2553.94,PIT,4181.3215135684,1,0,6.0
11.2,52180,AGENT,4197.65,2553.83,PIT,4181.3215135684,1,0,6.0
11.3,52180,AGENT,4197.19,2553.73,PIT,4181.3215135684,1,0,6.0
11.4,52180,AGENT,4196.72,2553.63,PIT,4181.3215135684,1,0,6.0
11.5,52180,AGENT,4196.26,2553.53,PIT,4181.3215135684,1,0,6.0
11.6,52180,AGENT,4195.79,2553.43,PIT,4181.3215135684,1,0,6.0
11.7,52180,AGENT,4195.33,2553.33,PIT,4181.3215135684,1,0,6.0
11.8,52180,AGENT,4194.87,2553.23,PIT,4181.3215135684,1,0,6.0
11.9,52180,AGENT,4194.4,2553.12,PIT,4181.3215135684,1,0,6.0
12.0,52180,AGENT,4193.94,2553.02,PIT,4181.3215135684,1,0,6.0
12.1,52180,AGENT,4193.48,2552.92,PIT,4181.3215135684,1,0,6.0
12.2,52180,AGENT,4193.01,2552.82,PIT,4181.3215135684,1,0,6.0
12.3,52180,AGENT,4192.55,2552.71,PIT,4181.3215135684,1,0,6.0
12.4,52180,AGENT,4192.09,2552.6,PIT,4181.3215135684,1,0,6.0
12.5,52180,AGENT,4191.63,2552.49,PIT,4181.3215135684,1,0,6.0
12.6,52180,AGENT,4191.18,2552.38,PIT,4181.3215135684,1,0,6.0
12.7,52180,AGENT,4190.72,2552.27,PIT,4181.3215135684,1,0,6.0
12.8,52180,AGENT,4190.27,2552.14,PIT,4181.3215135684,1,0,6.0
12.9,52180,AGENT,4189.82,2552.02,PIT,4181.3215135684,1,0,6.0
