TIMESTAMP,TRACK_ID,OBJECT_TYPE,X,Y,CITY_NAME,REF_xmin,AUGMENT_TYPE,AUGMENT_DIRECTION,ATTACK_POWER_TYPE
6.0,52180,AGENT,2339.46,958.632,PIT,2206.436096560282,1,1,10.0
6.1,52180,AGENT,2338.92,958.178,PIT,2206.436096560282,1,1,10.0
6.2,52180,AGENT,2338.38,957.724,PIT,2206.436096560282,1,1,10.0
6.3,52180,AGENT,2337.85,957.269,PIT,2206.436096560282,1,1,10.0
6.4,52180,AGENT,2337.31,956.814,PIT,2206.436096560282,1,1,10.0
6.5,52180,AGENT,2336.77,956.359,PIT,2206.436096560282,1,1,10.0
6.6,52180,AGENT,2336.23,955.903,PIT,2206.436096560282,1,1,10.0
6.7,52180,AGENT,2335.69,955.447,PIT,2206.436096560282,1,1,10.0
6.8,52180,AGENT,2335.15,954.991,PIT,2206.436096560282,1,1,10.0
6.9,52180,AGENT,2334.62,954.535,PIT,2206.436096560282,1,1,10.0
7.0,52180,AGENT,2334.08,954.078,PIT,2206.436096560282,1,1,10.0
7.1,52180,AGENT,2333.54,953.621,PIT,2206.436096560282,1,1,10.0
7.2,52180,AGENT,2333.0,953.164,PIT,2206.436096560282,1,1,10.0
7.3,52180,AGENT,2332.47,952.707,PIT,2206.436096560282,1,1,10.0
7.4,52180,AGENT,2331.93,952.25,PIT,2206.436096560282,1,1,10.0
7.5,52180,AGENT,2331.39,951.792,PIT,2206.436096560282,1,1,10.0
7.6,52180,AGENT,2330.86,951.335,PIT,2206.436096560282,1,1,10.0
7.7,52180,AGENT,2330.32,950.878,PIT,2206.436096560282,1,1,10.0
7.8,52180,AGENT,2329.78,950.421,PIT,2206.436096560282,1,1,10.0
7.9,52180,AGENT,2329.25,949.964,PIT,2206.436096560282,1,1,10.0
8.0,52180,AGENT,2328.71,949.508,PIT,2206.436096560282,1,1,10.0
8.1,52180,AGENT,2328.17,949.051,PIT,2206.436096560282,1,1,10.0
8.2,52180,AGENT,2327.63,948.595,PIT,2206.436096560282,1,1,10.0
8.3,52180,AGENT,2327.1,948.139,PIT,2206.436096560282,1,1,10.0
8.4,52180,AGENT,2326.56,947.683,PIT,2206.436096560282,1,1,10.0
8.5,52180,AGENT,2326.02,947.228,PIT,2206.436096560282,1,1,10.0
8.6,52180,AGENT,2325.48,946.773,PIT,2206.436096560282,1,1,10.0
8.7,52180,AGENT,2324.94,946.318,PIT,2206.436096560282,1,1,10.0
8.8,52180,AGENT,2324.4,945.863,PIT,2206.436096560282,1,1,10.0
8.9,52180,AGENT,2323.86,945.409,PIT,2206.436096560282,1,1,10.0
9.0,52180,AGENT,2323.32,944.955,PIT,2206.436096560282,1,1,10.0
9.1,52180,AGENT,2322.78,944.501,PIT,2206.436096560282,1,1,10.0
9.2,52180,AGENT,2322.24,944.048,PIT,2206.436096560282,1,1,10.0
9.3,52180,AGENT,2321.7,943.595,PIT,2206.436096560282,1,1,10.0
9.4,52180,AGENT,2321.16,943.142,PIT,2206.436096560282,1,1,10.0
9.5,52180,AGENT,2320.62,942.689,PIT,2206.436096560282,1,1,10.0
9.6,52180,AGENT,2320.08,942.236,PIT,2206.436096560282,1,1,10.0
9.7,52180,AGENT,2319.54,941.784,PIT,2206.436096560282,1,1,10.0
9.8,52180,AGENT,2319.0,941.332,PIT,2206.436096560282,1,1,10.0
9.9,52180,AGENT,2318.46,940.88,PIT,2206.436096560282,1,1,10.0
10.0,52180,AGENT,2317.92,940.428,PIT,2206.436096560282,1,1,10.0
10.1,52180,AGENT,2317.37,939.976,PIT,2206.436096560282,1,1,10.0
10.2,52180,AGENT,2316.83,939.525,PIT,2206.436096560282,1,1,10.0
10.3,52180,AGENT,2316.29,939.073,PIT,2206.436096560282,1,1,10.0
10.4,52180,AGENT,2315.75,938.622,PIT,2206.436096560282,1,1,10.0
10.5,52180,AGENT,2315.21,938.17,PIT,2206.436096560282,1,1,10.0
10.6,52180,AGENT,2314.67,937.719,PIT,2206.436096560282,1,1,10.0
10.7,52180,AGENT,2314.12,937.268,PIT,2206.436096560282,1,1,10.0
10.8,52180,AGENT,2313.58,936.817,PIT,2206.436096560282,1,1,10.0
10.9,52180,AGENT,2313.04,936.365,PIT,2206.436096560282,1,1,10.0
