TIMESTAMP,TRACK_ID,OBJECT_TYPE,X,Y,CITY_NAME,REF_xmin,AUGMENT_TYPE,AUGMENT_DIRECTION,ATTACK_POWER_TYPE
10.0,52180,AGENT,2914.8,1491.45,PIT,2913.3903684224388,1,1,3.0
10.1,52180,AGENT,2914.65,1490.9,PIT,2913.3903684224388,1,1,3.0
10.2,52180,AGENT,2914.52,1490.36,PIT,2913.3903684224388,1,1,3.0
10.3,52180,AGENT,2914.41,1489.83,PIT,2913.3903684224388,1,1,3.0
10.4,52180,AGENT,2914.33,1489.31,PIT,2913.3903684224388,1,1,3.0
10.5,52180,AGENT,2914.28,1488.8,PIT,2913.3903684224388,1,1,3.0
10.6,52180,AGENT,2914.25,1488.3,PIT,2913.3903684224388,1,1,3.0
10.7,52180,AGENT,2914.26,1487.8,PIT,2913.3903684224388,1,1,3.0
10.8,52180,AGENT,2914.29,1487.3,PIT,2913.3903684224388,1,1,3.0
10.9,52180,AGENT,2914.35,1486.82,PIT,2913.3903684224388,1,1,3.0
11.0,52180,AGENT,2914.44,1486.34,PIT,2913.3903684224388,1,1,3.0
11.1,52180,AGENT,2914.54,1485.87,PIT,2913.3903684224388,1,1,3.0
11.2,52180,AGENT,2914.67,1485.41,PIT,2913.3903684224388,1,1,3.0
11.3,52180,AGENT,2914.83,1484.96,PIT,2913.3903684224388,1,1,3.0
11.4,52180,AGENT,2915.01,1484.5,PIT,2913.3903684224388,1,1,3.0
11.5,52180,AGENT,2915.2,1484.06,PIT,2913.3903684224388,1,1,3.0
11.6,52180,AGENT,2915.41,1483.63,PIT,2913.3903684224388,1,1,3.0
11.7,52180,AGENT,2915.64,1483.2,PIT,2913.3903684224388,1,1,3.0
11.8,52180,AGENT,2915.88,1482.79,PIT,2913.3903684224388,1,1,3.0
11.9,52180,AGENT,2916.12,1482.38,PIT,2913.3903684224388,1,1,3.0
12.0,52180,AGENT,2916.38,1481.99,PIT,2913.3903684224388,1,1,3.0
12.1,52180,AGENT,2916.65,1481.6,PIT,2913.3903684224388,1,1,3.0
12.2,52180,AGENT,2916.93,1481.22,PIT,2913.3903684224388,1,1,3.0
12.3,52180,AGENT,2917.21,1480.84,PIT,2913.3903684224388,1,1,3.0
12.4,52180,AGENT,2917.5,1480.47,PIT,2913.3903684224388,1,1,3.0
12.5,52180,AGENT,2917.8,1480.11,PIT,2913.3903684224388,1,1,3.0
12.6,52180,AGENT,2918.1,1479.75,PIT,2913.3903684224388,1,1,3.0
12.7,52180,AGENT,2918.41,1479.4,PIT,2913.3903684224388,1,1,3.0
12.8,52180,AGENT,2918.73,1479.05,PIT,2913.3903684224388,1,1,3.0
12.9,52180,AGENT,2919.04,1478.71,PIT,2913.3903684224388,1,1,3.0
13.0,52180,AGENT,2919.36,1478.36,PIT,2913.3903684224388,1,1,3.0
13.1,52180,AGENT,2919.69,1478.02,PIT,2913.3903684224388,1,1,3.0
13.2,52180,AGENT,2920.02,1477.68,PIT,2913.3903684224388,1,1,3.0
13.3,52180,AGENT,2920.35,1477.34,PIT,2913.3903684224388,1,1,3.0
13.4,52180,AGENT,2920.68,1477.0,PIT,2913.3903684224388,1,1,3.0
13.5,52180,AGENT,2921.03,1476.65,PIT,2913.3903684224388,1,1,3.0
13.6,52180,AGENT,2921.38,1476.29,PIT,2913.3903684224388,1,1,3.0
13.7,52180,AGENT,2921.74,1475.91,PIT,2913.3903684224388,1,1,3.0
13.8,52180,AGENT,2922.11,1475.54,PIT,2913.3903684224388,1,1,3.0
13.9,52180,AGENT,2922.48,1475.15,PIT,2913.3903684224388,1,1,3.0
14.0,52180,AGENT,2922.85,1474.77,PIT,2913.3903684224388,1,1,3.0
14.1,52180,AGENT,2923.22,1474.39,PIT,2913.3903684224388,1,1,3.0
14.2,52180,AGENT,2923.58,1474.0,PIT,2913.3903684224388,1,1,3.0
14.3,52180,AGENT,2923.96,1473.61,PIT,2913.3903684224388,1,1,3.0
14.4,52180,AGENT,2924.33,1473.21,PIT,2913.3903684224388,1,1,3.0
14.5,52180,AGENT,2924.71,1472.8,PIT,2913.3903684224388,1,1,3.0
14.6,52180,AGENT,2925.1,1472.38,PIT,2913.3903684224388,1,1,3.0
14.7,52180,AGENT,2925.5,1471.95,PIT,2913.3903684224388,1,1,3.0
14.8,52180,AGENT,2925.9,1471.51,PIT,2913.3903684224388,1,1,3.0
14.9,52180,AGENT,2926.29,1471.07,PIT,2913.3903684224388,1,1,3.0
