TIMESTAMP,TRACK_ID,OBJECT_TYPE,X,Y,CITY_NAME,REF_xmin,AUGMENT_TYPE,AUGMENT_DIRECTION,ATTACK_POWER_TYPE
18.0,52180,AGENT,3298.64,1853.15,PIT,3255.6072812669445,1,1,9.0
18.1,52180,AGENT,3297.97,1852.64,PIT,3255.6072812669445,1,1,9.0
18.2,52180,AGENT,3297.3,1852.12,PIT,3255.6072812669445,1,1,9.0
18.3,52180,AGENT,3296.62,1851.58,PIT,3255.6072812669445,1,1,9.0
18.4,52180,AGENT,3295.94,1851.02,PIT,3255.6072812669445,1,1,9.0
18.5,52180,AGENT,3295.25,1850.46,PIT,3255.6072812669445,1,1,9.0
18.6,52180,AGENT,3294.56,1849.88,PIT,3255.6072812669445,1,1,9.0
18.7,52180,AGENT,3293.87,1849.3,PIT,3255.6072812669445,1,1,9.0
18.8,52180,AGENT,3293.17,1848.7,PIT,3255.6072812669445,1,1,9.0
18.9,52180,AGENT,3292.47,1848.09,PIT,3255.6072812669445,1,1,9.0
19.0,52180,AGENT,3291.76,1847.47,PIT,3255.6072812669445,1,1,9.0
19.1,52180,AGENT,3291.05,1846.84,PIT,3255.6072812669445,1,1,9.0
19.2,52180,AGENT,3290.33,1846.2,PIT,3255.6072812669445,1,1,9.0
19.3,52180,AGENT,3289.6,1845.55,PIT,3255.6072812669445,1,1,9.0
19.4,52180,AGENT,3288.87,1844.89,PIT,3255.6072812669445,1,1,9.0
19.5,52180,AGENT,3288.13,1844.22,PIT,3255.6072812669445,1,1,9.0
19.6,52180,AGENT,3287.38,1843.54,PIT,3255.6072812669445,1,1,9.0
19.7,52180,AGENT,3286.63,1842.85,PIT,3255.6072812669445,1,1,9.0
19.8,52180,AGENT,3285.87,1842.16,PIT,3255.6072812669445,1,1,9.0
19.9,52180,AGENT,3285.1,1841.45,PIT,3255.6072812669445,1,1,9.0
20.0,52180,AGENT,3284.32,1840.74,PIT,3255.6072812669445,1,1,9.0
20.1,52180,AGENT,3283.54,1840.01,PIT,3255.6072812669445,1,1,9.0
20.2,52180,AGENT,3282.75,1839.28,PIT,3255.6072812669445,1,1,9.0
20.3,52180,AGENT,3281.95,1838.54,PIT,3255.6072812669445,1,1,9.0
20.4,52180,AGENT,3281.14,1837.8,PIT,3255.6072812669445,1,1,9.0
20.5,52180,AGENT,3280.32,1837.04,PIT,3255.6072812669445,1,1,9.0
20.6,52180,AGENT,3279.5,1836.28,PIT,3255.6072812669445,1,1,9.0
20.7,52180,AGENT,3278.67,1835.52,PIT,3255.6072812669445,1,1,9.0
20.8,52180,AGENT,3277.84,1834.74,PIT,3255.6072812669445,1,1,9.0
20.9,52180,AGENT,3276.99,1833.96,PIT,3255.6072812669445,1,1,9.0
21.0,52180,AGENT,3276.14,1833.18,PIT,3255.6072812669445,1,1,9.0
21.1,52180,AGENT,3275.28,1832.39,PIT,3255.6072812669445,1,1,9.0
21.2,52180,AGENT,3274.42,1831.59,PIT,3255.6072812669445,1,1,9.0
21.3,52180,AGENT,3273.55,1830.79,PIT,3255.6072812669445,1,1,9.0
21.4,52180,AGENT,3272.67,1829.98,PIT,3255.6072812669445,1,1,9.0
21.5,52180,AGENT,3271.79,1829.16,PIT,3255.6072812669445,1,1,9.0
21.6,52180,AGENT,3270.9,1828.35,PIT,3255.6072812669445,1,1,9.0
21.7,52180,AGENT,3270.02,1827.54,PIT,3255.6072812669445,1,1,9.0
21.8,52180,AGENT,3269.14,1826.73,PIT,3255.6072812669445,1,1,9.0
21.9,52180,AGENT,3268.25,1825.91,PIT,3255.6072812669445,1,1,9.0
22.0,52180,AGENT,3267.37,1825.1,PIT,3255.6072812669445,1,1,9.0
22.1,52180,AGENT,3266.48,1824.29,PIT,3255.6072812669445,1,1,9.0
22.2,52180,AGENT,3265.6,1823.48,PIT,3255.6072812669445,1,1,9.0
22.3,52180,AGENT,3264.71,1822.67,PIT,3255.6072812669445,1,1,9.0
22.4,52180,AGENT,3263.83,1821.86,PIT,3255.6072812669445,1,1,9.0
22.5,52180,AGENT,3262.94,1821.05,PIT,3255.6072812669445,1,1,9.0
22.6,52180,AGENT,3262.06,1820.24,PIT,3255.6072812669445,1,1,9.0
22.7,52180,AGENT,3261.17,1819.43,PIT,3255.6072812669445,1,1,9.0
22.8,52180,AGENT,3260.29,1818.62,PIT,3255.6072812669445,1,1,9.0
22.9,52180,AGENT,3259.4,1817.81,PIT,3255.6072812669445,1,1,9.0
