TIMESTAMP,TRACK_ID,OBJECT_TYPE,X,Y,CITY_NAME,REF_xmin,AUGMENT_TYPE,AUGMENT_DIRECTION,ATTACK_POWER_TYPE
14.0,52180,AGENT,3328.0,1871.85,PIT,3255.6072812669445,1,1,9.0
14.1,52180,AGENT,3327.38,1871.27,PIT,3255.6072812669445,1,1,9.0
14.2,52180,AGENT,3326.78,1870.7,PIT,3255.6072812669445,1,1,9.0
14.3,52180,AGENT,3326.19,1870.14,PIT,3255.6072812669445,1,1,9.0
14.4,52180,AGENT,3325.6,1869.59,PIT,3255.6072812669445,1,1,9.0
14.5,52180,AGENT,3325.01,1869.05,PIT,3255.6072812669445,1,1,9.0
14.6,52180,AGENT,3324.4,1868.52,PIT,3255.6072812669445,1,1,9.0
14.7,52180,AGENT,3323.77,1868.0,PIT,3255.6072812669445,1,1,9.0
14.8,52180,AGENT,3323.14,1867.48,PIT,3255.6072812669445,1,1,9.0
14.9,52180,AGENT,3322.51,1866.98,PIT,3255.6072812669445,1,1,9.0
15.0,52180,AGENT,3321.9,1866.5,PIT,3255.6072812669445,1,1,9.0
15.1,52180,AGENT,3321.3,1866.03,PIT,3255.6072812669445,1,1,9.0
15.2,52180,AGENT,3320.72,1865.57,PIT,3255.6072812669445,1,1,9.0
15.3,52180,AGENT,3320.14,1865.14,PIT,3255.6072812669445,1,1,9.0
15.4,52180,AGENT,3319.58,1864.72,PIT,3255.6072812669445,1,1,9.0
15.5,52180,AGENT,3319.02,1864.32,PIT,3255.6072812669445,1,1,9.0
15.6,52180,AGENT,3318.46,1863.93,PIT,3255.6072812669445,1,1,9.0
15.7,52180,AGENT,3317.9,1863.57,PIT,3255.6072812669445,1,1,9.0
15.8,52180,AGENT,3317.35,1863.22,PIT,3255.6072812669445,1,1,9.0
15.9,52180,AGENT,3316.8,1862.89,PIT,3255.6072812669445,1,1,9.0
16.0,52180,AGENT,3316.25,1862.58,PIT,3255.6072812669445,1,1,9.0
16.1,52180,AGENT,3315.7,1862.28,PIT,3255.6072812669445,1,1,9.0
16.2,52180,AGENT,3315.13,1861.99,PIT,3255.6072812669445,1,1,9.0
16.3,52180,AGENT,3314.56,1861.71,PIT,3255.6072812669445,1,1,9.0
16.4,52180,AGENT,3313.97,1861.43,PIT,3255.6072812669445,1,1,9.0
16.5,52180,AGENT,3313.37,1861.16,PIT,3255.6072812669445,1,1,9.0
16.6,52180,AGENT,3312.76,1860.89,PIT,3255.6072812669445,1,1,9.0
16.7,52180,AGENT,3312.15,1860.63,PIT,3255.6072812669445,1,1,9.0
16.8,52180,AGENT,3311.53,1860.37,PIT,3255.6072812669445,1,1,9.0
16.9,52180,AGENT,3310.93,1860.12,PIT,3255.6072812669445,1,1,9.0
17.0,52180,AGENT,3310.33,1859.88,PIT,3255.6072812669445,1,1,9.0
17.1,52180,AGENT,3309.74,1859.64,PIT,3255.6072812669445,1,1,9.0
17.2,52180,AGENT,3309.15,1859.4,PIT,3255.6072812669445,1,1,9.0
17.3,52180,AGENT,3308.57,1859.16,PIT,3255.6072812669445,1,1,9.0
17.4,52180,AGENT,3307.99,1858.92,PIT,3255.6072812669445,1,1,9.0
17.5,52180,AGENT,3307.4,1858.66,PIT,3255.6072812669445,1,1,9.0
17.6,52180,AGENT,3306.82,1858.4,PIT,3255.6072812669445,1,1,9.0
17.7,52180,AGENT,3306.23,1858.11,PIT,3255.6072812669445,1,1,9.0
17.8,52180,AGENT,3305.64,1857.82,PIT,3255.6072812669445,1,1,9.0
17.9,52180,AGENT,3305.05,1857.51,PIT,3255.6072812669445,1,1,9.0
18.0,52180,AGENT,3304.45,1857.18,PIT,3255.6072812669445,1,1,9.0
18.1,52180,AGENT,3303.85,1856.84,PIT,3255.6072812669445,1,1,9.0
18.2,52180,AGENT,3303.25,1856.48,PIT,3255.6072812669445,1,1,9.0
18.3,52180,AGENT,3302.65,1856.11,PIT,3255.6072812669445,1,1,9.0
18.4,52180,AGENT,3302.05,1855.72,PIT,3255.6072812669445,1,1,9.0
18.5,52180,AGENT,3301.44,1855.31,PIT,3255.6072812669445,1,1,9.0
18.6,52180,AGENT,3300.83,1854.89,PIT,3255.6072812669445,1,1,9.0
18.7,52180,AGENT,3300.22,1854.46,PIT,3255.6072812669445,1,1,9.0
18.8,52180,AGENT,3299.61,1854.01,PIT,3255.6072812669445,1,1,9.0
18.9,52180,AGENT,3298.99,1853.55,PIT,3255.6072812669445,1,1,9.0
