TIMESTAMP,TRACK_ID,OBJECT_TYPE,X,Y,CITY_NAME,REF_xmin,AUGMENT_TYPE,AUGMENT_DIRECTION,ATTACK_POWER_TYPE
18.0,52180,AGENT,957.787,30.9628,PIT,914.0940931037768,0,0,9.0
18.1,52180,AGENT,958.168,31.0915,PIT,914.0940931037768,0,0,9.0
18.2,52180,AGENT,958.545,31.2263,PIT,914.0940931037768,0,0,9.0
18.3,52180,AGENT,958.92,31.3682,PIT,914.0940931037768,0,0,9.0
18.4,52180,AGENT,959.292,31.5185,PIT,914.0940931037768,0,0,9.0
18.5,52180,AGENT,959.662,31.6772,PIT,914.0940931037768,0,0,9.0
18.6,52180,AGENT,960.028,31.8446,PIT,914.0940931037768,0,0,9.0
18.7,52180,AGENT,960.392,32.0206,PIT,914.0940931037768,0,0,9.0
18.8,52180,AGENT,960.752,32.2055,PIT,914.0940931037768,0,0,9.0
18.9,52180,AGENT,961.108,32.3993,PIT,914.0940931037768,0,0,9.0
19.0,52180,AGENT,961.461,32.6019,PIT,914.0940931037768,0,0,9.0
19.1,52180,AGENT,961.809,32.8134,PIT,914.0940931037768,0,0,9.0
19.2,52180,AGENT,962.154,33.0336,PIT,914.0940931037768,0,0,9.0
19.3,52180,AGENT,962.496,33.2653,PIT,914.0940931037768,0,0,9.0
19.4,52180,AGENT,962.839,33.511,PIT,914.0940931037768,0,0,9.0
19.5,52180,AGENT,963.182,33.7705,PIT,914.0940931037768,0,0,9.0
19.6,52180,AGENT,963.526,34.0435,PIT,914.0940931037768,0,0,9.0
19.7,52180,AGENT,963.871,34.3299,PIT,914.0940931037768,0,0,9.0
19.8,52180,AGENT,964.215,34.6292,PIT,914.0940931037768,0,0,9.0
19.9,52180,AGENT,964.561,34.9411,PIT,914.0940931037768,0,0,9.0
20.0,52180,AGENT,964.907,35.2655,PIT,914.0940931037768,0,0,9.0
20.1,52180,AGENT,965.255,35.6019,PIT,914.0940931037768,0,0,9.0
20.2,52180,AGENT,965.604,35.95,PIT,914.0940931037768,0,0,9.0
20.3,52180,AGENT,965.954,36.3097,PIT,914.0940931037768,0,0,9.0
20.4,52180,AGENT,966.303,36.6767,PIT,914.0940931037768,0,0,9.0
20.5,52180,AGENT,966.648,37.0471,PIT,914.0940931037768,0,0,9.0
20.6,52180,AGENT,966.989,37.4207,PIT,914.0940931037768,0,0,9.0
20.7,52180,AGENT,967.327,37.7973,PIT,914.0940931037768,0,0,9.0
20.8,52180,AGENT,967.661,38.1765,PIT,914.0940931037768,0,0,9.0
20.9,52180,AGENT,967.993,38.5582,PIT,914.0940931037768,0,0,9.0
21.0,52180,AGENT,968.322,38.9422,PIT,914.0940931037768,0,0,9.0
21.1,52180,AGENT,968.648,39.3282,PIT,914.0940931037768,0,0,9.0
21.2,52180,AGENT,968.972,39.7161,PIT,914.0940931037768,0,0,9.0
21.3,52180,AGENT,969.294,40.1056,PIT,914.0940931037768,0,0,9.0
21.4,52180,AGENT,969.615,40.4967,PIT,914.0940931037768,0,0,9.0
21.5,52180,AGENT,969.933,40.889,PIT,914.0940931037768,0,0,9.0
21.6,52180,AGENT,970.25,41.2826,PIT,914.0940931037768,0,0,9.0
21.7,52180,AGENT,970.566,41.6772,PIT,914.0940931037768,0,0,9.0
21.8,52180,AGENT,970.88,42.0727,PIT,914.0940931037768,0,0,9.0
21.9,52180,AGENT,971.194,42.4689,PIT,914.0940931037768,0,0,9.0
22.0,52180,AGENT,971.506,42.8658,PIT,914.0940931037768,0,0,9.0
22.1,52180,AGENT,971.818,43.2633,PIT,914.0940931037768,0,0,9.0
22.2,52180,AGENT,972.13,43.6613,PIT,914.0940931037768,0,0,9.0
22.3,52180,AGENT,972.441,44.0596,PIT,914.0940931037768,0,0,9.0
22.4,52180,AGENT,972.751,44.4583,PIT,914.0940931037768,0,0,9.0
22.5,52180,AGENT,973.061,44.8572,PIT,914.0940931037768,0,0,9.0
22.6,52180,AGENT,973.371,45.2562,PIT,914.0940931037768,0,0,9.0
22.7,52180,AGENT,973.681,45.6554,PIT,914.0940931037768,0,0,9.0
22.8,52180,AGENT,973.99,46.0546,PIT,914.0940931037768,0,0,9.0
22.9,52180,AGENT,974.3,46.4539,PIT,914.0940931037768,0,0,9.0
