TIMESTAMP,TRACK_ID,OBJECT_TYPE,X,Y,CITY_NAME,REF_xmin,AUGMENT_TYPE,AUGMENT_DIRECTION,ATTACK_POWER_TYPE
4.0,52180,AGENT,873.235,3145.27,MIA,847.2442220481462,1,1,6.0
4.1,52180,AGENT,873.807,3145.3,MIA,847.2442220481462,1,1,6.0
4.2,52180,AGENT,874.379,3145.33,MIA,847.2442220481462,1,1,6.0
4.3,52180,AGENT,874.953,3145.35,MIA,847.2442220481462,1,1,6.0
4.4,52180,AGENT,875.529,3145.38,MIA,847.2442220481462,1,1,6.0
4.5,52180,AGENT,876.107,3145.41,MIA,847.2442220481462,1,1,6.0
4.6,52180,AGENT,876.686,3145.44,MIA,847.2442220481462,1,1,6.0
4.7,52180,AGENT,877.266,3145.47,MIA,847.2442220481462,1,1,6.0
4.8,52180,AGENT,877.845,3145.51,MIA,847.2442220481462,1,1,6.0
4.9,52180,AGENT,878.419,3145.54,MIA,847.2442220481462,1,1,6.0
5.0,52180,AGENT,878.996,3145.57,MIA,847.2442220481462,1,1,6.0
5.1,52180,AGENT,879.587,3145.61,MIA,847.2442220481462,1,1,6.0
5.2,52180,AGENT,880.191,3145.65,MIA,847.2442220481462,1,1,6.0
5.3,52180,AGENT,880.801,3145.69,MIA,847.2442220481462,1,1,6.0
5.4,52180,AGENT,881.415,3145.73,MIA,847.2442220481462,1,1,6.0
5.5,52180,AGENT,882.029,3145.77,MIA,847.2442220481462,1,1,6.0
5.6,52180,AGENT,882.641,3145.82,MIA,847.2442220481462,1,1,6.0
5.7,52180,AGENT,883.246,3145.86,MIA,847.2442220481462,1,1,6.0
5.8,52180,AGENT,883.845,3145.9,MIA,847.2442220481462,1,1,6.0
5.9,52180,AGENT,884.441,3145.94,MIA,847.2442220481462,1,1,6.0
6.0,52180,AGENT,885.035,3145.98,MIA,847.2442220481462,1,1,6.0
6.1,52180,AGENT,885.632,3146.02,MIA,847.2442220481462,1,1,6.0
6.2,52180,AGENT,886.232,3146.05,MIA,847.2442220481462,1,1,6.0
6.3,52180,AGENT,886.829,3146.07,MIA,847.2442220481462,1,1,6.0
6.4,52180,AGENT,887.425,3146.09,MIA,847.2442220481462,1,1,6.0
6.5,52180,AGENT,888.017,3146.11,MIA,847.2442220481462,1,1,6.0
6.6,52180,AGENT,888.603,3146.11,MIA,847.2442220481462,1,1,6.0
6.7,52180,AGENT,889.177,3146.11,MIA,847.2442220481462,1,1,6.0
6.8,52180,AGENT,889.741,3146.1,MIA,847.2442220481462,1,1,6.0
6.9,52180,AGENT,890.294,3146.09,MIA,847.2442220481462,1,1,6.0
7.0,52180,AGENT,890.835,3146.06,MIA,847.2442220481462,1,1,6.0
7.1,52180,AGENT,891.362,3146.03,MIA,847.2442220481462,1,1,6.0
7.2,52180,AGENT,891.877,3145.98,MIA,847.2442220481462,1,1,6.0
7.3,52180,AGENT,892.377,3145.92,MIA,847.2442220481462,1,1,6.0
7.4,52180,AGENT,892.862,3145.84,MIA,847.2442220481462,1,1,6.0
7.5,52180,AGENT,893.331,3145.75,MIA,847.2442220481462,1,1,6.0
7.6,52180,AGENT,893.783,3145.65,MIA,847.2442220481462,1,1,6.0
7.7,52180,AGENT,894.219,3145.53,MIA,847.2442220481462,1,1,6.0
7.8,52180,AGENT,894.639,3145.38,MIA,847.2442220481462,1,1,6.0
7.9,52180,AGENT,895.042,3145.21,MIA,847.2442220481462,1,1,6.0
8.0,52180,AGENT,895.427,3145.03,MIA,847.2442220481462,1,1,6.0
8.1,52180,AGENT,895.795,3144.82,MIA,847.2442220481462,1,1,6.0
8.2,52180,AGENT,896.145,3144.58,MIA,847.2442220481462,1,1,6.0
8.3,52180,AGENT,896.477,3144.32,MIA,847.2442220481462,1,1,6.0
8.4,52180,AGENT,896.79,3144.03,MIA,847.2442220481462,1,1,6.0
8.5,52180,AGENT,897.085,3143.72,MIA,847.2442220481462,1,1,6.0
8.6,52180,AGENT,897.361,3143.39,MIA,847.2442220481462,1,1,6.0
8.7,52180,AGENT,897.619,3143.05,MIA,847.2442220481462,1,1,6.0
8.8,52180,AGENT,897.859,3142.68,MIA,847.2442220481462,1,1,6.0
8.9,52180,AGENT,898.081,3142.29,MIA,847.2442220481462,1,1,6.0
