TIMESTAMP,TRACK_ID,OBJECT_TYPE,X,Y,CITY_NAME
66.0,52180,AGENT,-116.111,3454.74,MIA
66.1,52180,AGENT,-115.522,3454.77,MIA
66.2,52180,AGENT,-114.935,3454.8,MIA
66.3,52180,AGENT,-114.351,3454.82,MIA
66.4,52180,AGENT,-113.777,3454.85,MIA
66.5,52180,AGENT,-113.199,3454.88,MIA
66.6,52180,AGENT,-112.61,3454.91,MIA
66.7,52180,AGENT,-112.013,3454.94,MIA
66.8,52180,AGENT,-111.414,3454.98,MIA
66.9,52180,AGENT,-110.812,3455.01,MIA
67.0,52180,AGENT,-110.21,3455.04,MIA
67.1,52180,AGENT,-109.607,3455.08,MIA
67.2,52180,AGENT,-109.006,3455.11,MIA
67.3,52180,AGENT,-108.413,3455.15,MIA
67.4,52180,AGENT,-107.823,3455.18,MIA
67.5,52180,AGENT,-107.236,3455.21,MIA
67.6,52180,AGENT,-106.65,3455.24,MIA
67.7,52180,AGENT,-106.066,3455.27,MIA
67.8,52180,AGENT,-105.485,3455.29,MIA
67.9,52180,AGENT,-104.905,3455.3,MIA
68.0,52180,AGENT,-104.327,3455.31,MIA
68.1,52180,AGENT,-103.754,3455.32,MIA
68.2,52180,AGENT,-103.192,3455.31,MIA
68.3,52180,AGENT,-102.639,3455.3,MIA
68.4,52180,AGENT,-102.096,3455.29,MIA
68.5,52180,AGENT,-101.564,3455.26,MIA
68.6,52180,AGENT,-101.045,3455.22,MIA
68.7,52180,AGENT,-100.538,3455.18,MIA
68.8,52180,AGENT,-100.044,3455.12,MIA
68.9,52180,AGENT,-99.5634,3455.05,MIA
69.0,52180,AGENT,-99.0974,3454.97,MIA
69.1,52180,AGENT,-98.6466,3454.87,MIA
69.2,52180,AGENT,-98.2102,3454.76,MIA
69.3,52180,AGENT,-97.7875,3454.62,MIA
69.4,52180,AGENT,-97.3796,3454.46,MIA
69.5,52180,AGENT,-96.9872,3454.29,MIA
69.6,52180,AGENT,-96.6111,3454.09,MIA
69.7,52180,AGENT,-96.2519,3453.88,MIA
69.8,52180,AGENT,-95.9093,3453.64,MIA
69.9,52180,AGENT,-95.583,3453.38,MIA
70.0,52180,AGENT,-95.2735,3453.1,MIA
70.1,52180,AGENT,-94.9809,3452.8,MIA
70.2,52180,AGENT,-94.7054,3452.47,MIA
70.3,52180,AGENT,-94.4467,3452.13,MIA
70.4,52180,AGENT,-94.2048,3451.76,MIA
70.5,52180,AGENT,-93.9794,3451.38,MIA
70.6,52180,AGENT,-93.77,3450.99,MIA
70.7,52180,AGENT,-93.5762,3450.58,MIA
70.8,52180,AGENT,-93.3974,3450.15,MIA
70.9,52180,AGENT,-93.2332,3449.71,MIA
