TIMESTAMP,TRACK_ID,OBJECT_TYPE,X,Y,CITY_NAME
7210.0,52180,AGENT,862.506,836.125,MIA
7210.1,52180,AGENT,863.516,836.165,MIA
7210.2,52180,AGENT,864.527,836.205,MIA
7210.3,52180,AGENT,865.538,836.245,MIA
7210.4,52180,AGENT,866.548,836.286,MIA
7210.5,52180,AGENT,867.559,836.326,MIA
7210.6,52180,AGENT,868.569,836.366,MIA
7210.7,52180,AGENT,869.58,836.406,MIA
7210.8,52180,AGENT,870.591,836.446,MIA
7210.9,52180,AGENT,871.601,836.486,MIA
7211.0,52180,AGENT,872.612,836.526,MIA
7211.1,52180,AGENT,873.622,836.566,MIA
7211.2,52180,AGENT,874.633,836.607,MIA
7211.3,52180,AGENT,875.644,836.647,MIA
7211.4,52180,AGENT,876.654,836.687,MIA
7211.5,52180,AGENT,877.665,836.727,MIA
7211.6,52180,AGENT,878.675,836.768,MIA
7211.7,52180,AGENT,879.686,836.808,MIA
7211.8,52180,AGENT,880.697,836.848,MIA
7211.9,52180,AGENT,881.707,836.889,MIA
7212.0,52180,AGENT,882.718,836.929,MIA
7212.1,52180,AGENT,883.728,836.97,MIA
7212.2,52180,AGENT,884.739,837.01,MIA
7212.3,52180,AGENT,885.749,837.051,MIA
7212.4,52180,AGENT,886.76,837.091,MIA
7212.5,52180,AGENT,887.771,837.132,MIA
7212.6,52180,AGENT,888.781,837.172,MIA
7212.7,52180,AGENT,889.792,837.212,MIA
7212.8,52180,AGENT,890.802,837.253,MIA
7212.9,52180,AGENT,891.813,837.293,MIA
7213.0,52180,AGENT,892.824,837.333,MIA
7213.1,52180,AGENT,893.834,837.374,MIA
7213.2,52180,AGENT,894.845,837.414,MIA
7213.3,52180,AGENT,895.855,837.453,MIA
7213.4,52180,AGENT,896.866,837.493,MIA
7213.5,52180,AGENT,897.877,837.533,MIA
7213.6,52180,AGENT,898.887,837.572,MIA
7213.7,52180,AGENT,899.898,837.611,MIA
7213.8,52180,AGENT,900.909,837.65,MIA
7213.9,52180,AGENT,901.919,837.688,MIA
7214.0,52180,AGENT,902.93,837.727,MIA
7214.1,52180,AGENT,903.94,837.765,MIA
7214.2,52180,AGENT,904.951,837.802,MIA
7214.3,52180,AGENT,905.962,837.84,MIA
7214.4,52180,AGENT,906.973,837.877,MIA
7214.5,52180,AGENT,907.983,837.913,MIA
7214.6,52180,AGENT,908.994,837.95,MIA
7214.7,52180,AGENT,910.005,837.986,MIA
7214.8,52180,AGENT,911.015,838.022,MIA
7214.9,52180,AGENT,912.026,838.058,MIA
