TIMESTAMP,TRACK_ID,OBJECT_TYPE,X,Y,CITY_NAME
2692.0,52180,AGENT,63.2736,3070.56,MIA
2692.1,52180,AGENT,64.2748,3070.6,MIA
2692.2,52180,AGENT,65.276,3070.64,MIA
2692.3,52180,AGENT,66.2772,3070.68,MIA
2692.4,52180,AGENT,67.2785,3070.72,MIA
2692.5,52180,AGENT,68.2797,3070.76,MIA
2692.6,52180,AGENT,69.2812,3070.8,MIA
2692.7,52180,AGENT,70.2834,3070.84,MIA
2692.8,52180,AGENT,71.2849,3070.88,MIA
2692.9,52180,AGENT,72.2805,3070.92,MIA
2693.0,52180,AGENT,73.2666,3070.96,MIA
2693.1,52180,AGENT,74.2432,3071.0,MIA
2693.2,52180,AGENT,75.2107,3071.03,MIA
2693.3,52180,AGENT,76.1693,3071.07,MIA
2693.4,52180,AGENT,77.1191,3071.11,MIA
2693.5,52180,AGENT,78.0601,3071.15,MIA
2693.6,52180,AGENT,78.9909,3071.19,MIA
2693.7,52180,AGENT,79.9101,3071.22,MIA
2693.8,52180,AGENT,80.8177,3071.26,MIA
2693.9,52180,AGENT,81.7138,3071.3,MIA
2694.0,52180,AGENT,82.5984,3071.33,MIA
2694.1,52180,AGENT,83.4718,3071.37,MIA
2694.2,52180,AGENT,84.3341,3071.4,MIA
2694.3,52180,AGENT,85.1855,3071.44,MIA
2694.4,52180,AGENT,86.0258,3071.47,MIA
2694.5,52180,AGENT,86.8553,3071.5,MIA
2694.6,52180,AGENT,87.6739,3071.53,MIA
2694.7,52180,AGENT,88.4817,3071.57,MIA
2694.8,52180,AGENT,89.2836,3071.6,MIA
2694.9,52180,AGENT,90.0804,3071.63,MIA
2695.0,52180,AGENT,90.8685,3071.66,MIA
2695.1,52180,AGENT,91.6479,3071.69,MIA
2695.2,52180,AGENT,92.4188,3071.73,MIA
2695.3,52180,AGENT,93.1797,3071.76,MIA
2695.4,52180,AGENT,93.9291,3071.79,MIA
2695.5,52180,AGENT,94.6671,3071.82,MIA
2695.6,52180,AGENT,95.4019,3071.85,MIA
2695.7,52180,AGENT,96.1403,3071.88,MIA
2695.8,52180,AGENT,96.8809,3071.91,MIA
2695.9,52180,AGENT,97.6226,3071.95,MIA
2696.0,52180,AGENT,98.3602,3071.98,MIA
2696.1,52180,AGENT,99.09,3072.02,MIA
2696.2,52180,AGENT,99.8122,3072.05,MIA
2696.3,52180,AGENT,100.525,3072.09,MIA
2696.4,52180,AGENT,101.227,3072.12,MIA
2696.5,52180,AGENT,101.919,3072.15,MIA
2696.6,52180,AGENT,102.613,3072.19,MIA
2696.7,52180,AGENT,103.32,3072.22,MIA
2696.8,52180,AGENT,104.033,3072.26,MIA
2696.9,52180,AGENT,104.749,3072.3,MIA
