TIMESTAMP,TRACK_ID,OBJECT_TYPE,X,Y,CITY_NAME
0.0,52180,AGENT,1238.12,211.624,PIT
0.1,52180,AGENT,1238.32,211.054,PIT
0.2,52180,AGENT,1238.53,210.475,PIT
0.3,52180,AGENT,1238.74,209.886,PIT
0.4,52180,AGENT,1238.96,209.288,PIT
0.5,52180,AGENT,1239.18,208.678,PIT
0.6,52180,AGENT,1239.4,208.06,PIT
0.7,52180,AGENT,1239.63,207.433,PIT
0.8,52180,AGENT,1239.85,206.801,PIT
0.9,52180,AGENT,1240.08,206.164,PIT
1.0,52180,AGENT,1240.32,205.517,PIT
1.1,52180,AGENT,1240.55,204.861,PIT
1.2,52180,AGENT,1240.79,204.195,PIT
1.3,52180,AGENT,1241.04,203.519,PIT
1.4,52180,AGENT,1241.29,202.833,PIT
1.5,52180,AGENT,1241.54,202.138,PIT
1.6,52180,AGENT,1241.8,201.434,PIT
1.7,52180,AGENT,1242.05,200.725,PIT
1.8,52180,AGENT,1242.31,200.017,PIT
1.9,52180,AGENT,1242.57,199.303,PIT
2.0,52180,AGENT,1242.84,198.579,PIT
2.1,52180,AGENT,1243.11,197.843,PIT
2.2,52180,AGENT,1243.38,197.099,PIT
2.3,52180,AGENT,1243.65,196.345,PIT
2.4,52180,AGENT,1243.93,195.582,PIT
2.5,52180,AGENT,1244.21,194.815,PIT
2.6,52180,AGENT,1244.49,194.046,PIT
2.7,52180,AGENT,1244.77,193.278,PIT
2.8,52180,AGENT,1245.05,192.51,PIT
2.9,52180,AGENT,1245.34,191.742,PIT
3.0,52180,AGENT,1245.62,190.975,PIT
3.1,52180,AGENT,1245.89,190.211,PIT
3.2,52180,AGENT,1246.17,189.447,PIT
3.3,52180,AGENT,1246.45,188.683,PIT
3.4,52180,AGENT,1246.73,187.919,PIT
3.5,52180,AGENT,1247.0,187.156,PIT
3.6,52180,AGENT,1247.27,186.399,PIT
3.7,52180,AGENT,1247.54,185.651,PIT
3.8,52180,AGENT,1247.81,184.912,PIT
3.9,52180,AGENT,1248.07,184.181,PIT
4.0,52180,AGENT,1248.32,183.46,PIT
4.1,52180,AGENT,1248.58,182.746,PIT
4.2,52180,AGENT,1248.82,182.042,PIT
4.3,52180,AGENT,1249.07,181.345,PIT
4.4,52180,AGENT,1249.3,180.657,PIT
4.5,52180,AGENT,1249.54,179.976,PIT
4.6,52180,AGENT,1249.77,179.304,PIT
4.7,52180,AGENT,1249.99,178.639,PIT
4.8,52180,AGENT,1250.21,177.982,PIT
4.9,52180,AGENT,1250.42,177.332,PIT
