TIMESTAMP,TRACK_ID,OBJECT_TYPE,X,Y,CITY_NAME
6.0,52180,AGENT,-46.4806,2667.65,MIA
6.1,52180,AGENT,-46.4484,2666.59,MIA
6.2,52180,AGENT,-46.4165,2665.54,MIA
6.3,52180,AGENT,-46.3849,2664.5,MIA
6.4,52180,AGENT,-46.3536,2663.47,MIA
6.5,52180,AGENT,-46.3226,2662.45,MIA
6.6,52180,AGENT,-46.2919,2661.44,MIA
6.7,52180,AGENT,-46.2614,2660.43,MIA
6.8,52180,AGENT,-46.2313,2659.42,MIA
6.9,52180,AGENT,-46.2015,2658.42,MIA
7.0,52180,AGENT,-46.1721,2657.43,MIA
7.1,52180,AGENT,-46.1431,2656.44,MIA
7.2,52180,AGENT,-46.1145,2655.47,MIA
7.3,52180,AGENT,-46.0863,2654.5,MIA
7.4,52180,AGENT,-46.0586,2653.55,MIA
7.5,52180,AGENT,-46.0314,2652.6,MIA
7.6,52180,AGENT,-46.0048,2651.66,MIA
7.7,52180,AGENT,-45.9787,2650.73,MIA
7.8,52180,AGENT,-45.9531,2649.81,MIA
7.9,52180,AGENT,-45.9283,2648.9,MIA
8.0,52180,AGENT,-45.904,2647.99,MIA
8.1,52180,AGENT,-45.8805,2647.1,MIA
8.2,52180,AGENT,-45.8578,2646.21,MIA
8.3,52180,AGENT,-45.8356,2645.33,MIA
8.4,52180,AGENT,-45.8137,2644.46,MIA
8.5,52180,AGENT,-45.7924,2643.6,MIA
8.6,52180,AGENT,-45.7715,2642.74,MIA
8.7,52180,AGENT,-45.7512,2641.9,MIA
8.8,52180,AGENT,-45.7315,2641.06,MIA
8.9,52180,AGENT,-45.7122,2640.23,MIA
9.0,52180,AGENT,-45.6935,2639.42,MIA
9.1,52180,AGENT,-45.6753,2638.61,MIA
9.2,52180,AGENT,-45.6576,2637.81,MIA
9.3,52180,AGENT,-45.6402,2637.02,MIA
9.4,52180,AGENT,-45.6233,2636.23,MIA
9.5,52180,AGENT,-45.6066,2635.45,MIA
9.6,52180,AGENT,-45.5904,2634.68,MIA
9.7,52180,AGENT,-45.5749,2633.9,MIA
9.8,52180,AGENT,-45.5598,2633.12,MIA
9.9,52180,AGENT,-45.5446,2632.34,MIA
10.0,52180,AGENT,-45.5287,2631.57,MIA
10.1,52180,AGENT,-45.5114,2630.78,MIA
10.2,52180,AGENT,-45.4917,2629.98,MIA
10.3,52180,AGENT,-45.4698,2629.18,MIA
10.4,52180,AGENT,-45.4458,2628.37,MIA
10.5,52180,AGENT,-45.4184,2627.56,MIA
10.6,52180,AGENT,-45.3862,2626.75,MIA
10.7,52180,AGENT,-45.3491,2625.94,MIA
10.8,52180,AGENT,-45.308,2625.14,MIA
10.9,52180,AGENT,-45.2624,2624.35,MIA
