TIMESTAMP,TRACK_ID,OBJECT_TYPE,X,Y,CITY_NAME
72.0,52180,AGENT,828.445,2662.14,MIA
72.1,52180,AGENT,828.417,2662.78,MIA
72.2,52180,AGENT,828.388,2663.41,MIA
72.3,52180,AGENT,828.361,2664.04,MIA
72.4,52180,AGENT,828.334,2664.66,MIA
72.5,52180,AGENT,828.306,2665.28,MIA
72.6,52180,AGENT,828.277,2665.91,MIA
72.7,52180,AGENT,828.245,2666.55,MIA
72.8,52180,AGENT,828.212,2667.19,MIA
72.9,52180,AGENT,828.177,2667.84,MIA
73.0,52180,AGENT,828.142,2668.49,MIA
73.1,52180,AGENT,828.105,2669.14,MIA
73.2,52180,AGENT,828.068,2669.8,MIA
73.3,52180,AGENT,828.029,2670.46,MIA
73.4,52180,AGENT,827.989,2671.13,MIA
73.5,52180,AGENT,827.947,2671.81,MIA
73.6,52180,AGENT,827.905,2672.5,MIA
73.7,52180,AGENT,827.861,2673.2,MIA
73.8,52180,AGENT,827.818,2673.9,MIA
73.9,52180,AGENT,827.776,2674.6,MIA
74.0,52180,AGENT,827.734,2675.29,MIA
74.1,52180,AGENT,827.693,2675.98,MIA
74.2,52180,AGENT,827.654,2676.66,MIA
74.3,52180,AGENT,827.617,2677.33,MIA
74.4,52180,AGENT,827.585,2678.0,MIA
74.5,52180,AGENT,827.562,2678.67,MIA
74.6,52180,AGENT,827.552,2679.35,MIA
74.7,52180,AGENT,827.553,2680.03,MIA
74.8,52180,AGENT,827.565,2680.7,MIA
74.9,52180,AGENT,827.587,2681.36,MIA
75.0,52180,AGENT,827.618,2682.0,MIA
75.1,52180,AGENT,827.658,2682.64,MIA
75.2,52180,AGENT,827.711,2683.26,MIA
75.3,52180,AGENT,827.774,2683.86,MIA
75.4,52180,AGENT,827.844,2684.44,MIA
75.5,52180,AGENT,827.925,2685.0,MIA
75.6,52180,AGENT,828.022,2685.54,MIA
75.7,52180,AGENT,828.135,2686.06,MIA
75.8,52180,AGENT,828.264,2686.57,MIA
75.9,52180,AGENT,828.414,2687.05,MIA
76.0,52180,AGENT,828.588,2687.51,MIA
76.1,52180,AGENT,828.786,2687.95,MIA
76.2,52180,AGENT,829.01,2688.36,MIA
76.3,52180,AGENT,829.265,2688.76,MIA
76.4,52180,AGENT,829.548,2689.13,MIA
76.5,52180,AGENT,829.858,2689.48,MIA
76.6,52180,AGENT,830.192,2689.81,MIA
76.7,52180,AGENT,830.549,2690.11,MIA
76.8,52180,AGENT,830.927,2690.4,MIA
76.9,52180,AGENT,831.324,2690.66,MIA
