TIMESTAMP,TRACK_ID,OBJECT_TYPE,X,Y,CITY_NAME
8.0,52180,AGENT,222.113,1648.22,MIA
8.1,52180,AGENT,222.843,1648.25,MIA
8.2,52180,AGENT,223.57,1648.28,MIA
8.3,52180,AGENT,224.298,1648.32,MIA
8.4,52180,AGENT,225.023,1648.35,MIA
8.5,52180,AGENT,225.744,1648.38,MIA
8.6,52180,AGENT,226.456,1648.41,MIA
8.7,52180,AGENT,227.16,1648.44,MIA
8.8,52180,AGENT,227.86,1648.47,MIA
8.9,52180,AGENT,228.562,1648.5,MIA
9.0,52180,AGENT,229.266,1648.54,MIA
9.1,52180,AGENT,229.971,1648.57,MIA
9.2,52180,AGENT,230.685,1648.61,MIA
9.3,52180,AGENT,231.413,1648.65,MIA
9.4,52180,AGENT,232.156,1648.69,MIA
9.5,52180,AGENT,232.911,1648.73,MIA
9.6,52180,AGENT,233.675,1648.78,MIA
9.7,52180,AGENT,234.442,1648.83,MIA
9.8,52180,AGENT,235.211,1648.87,MIA
9.9,52180,AGENT,235.978,1648.92,MIA
10.0,52180,AGENT,236.738,1648.97,MIA
10.1,52180,AGENT,237.491,1649.02,MIA
10.2,52180,AGENT,238.235,1649.06,MIA
10.3,52180,AGENT,238.981,1649.1,MIA
10.4,52180,AGENT,239.738,1649.14,MIA
10.5,52180,AGENT,240.5,1649.16,MIA
10.6,52180,AGENT,241.263,1649.19,MIA
10.7,52180,AGENT,242.023,1649.2,MIA
10.8,52180,AGENT,242.776,1649.21,MIA
10.9,52180,AGENT,243.518,1649.21,MIA
11.0,52180,AGENT,244.247,1649.21,MIA
11.1,52180,AGENT,244.962,1649.19,MIA
11.2,52180,AGENT,245.665,1649.17,MIA
11.3,52180,AGENT,246.353,1649.13,MIA
11.4,52180,AGENT,247.03,1649.08,MIA
11.5,52180,AGENT,247.697,1649.01,MIA
11.6,52180,AGENT,248.35,1648.91,MIA
11.7,52180,AGENT,248.989,1648.78,MIA
11.8,52180,AGENT,249.61,1648.64,MIA
11.9,52180,AGENT,250.21,1648.47,MIA
12.0,52180,AGENT,250.789,1648.3,MIA
12.1,52180,AGENT,251.346,1648.11,MIA
12.2,52180,AGENT,251.88,1647.9,MIA
12.3,52180,AGENT,252.39,1647.67,MIA
12.4,52180,AGENT,252.877,1647.43,MIA
12.5,52180,AGENT,253.341,1647.16,MIA
12.6,52180,AGENT,253.78,1646.86,MIA
12.7,52180,AGENT,254.195,1646.54,MIA
12.8,52180,AGENT,254.586,1646.19,MIA
12.9,52180,AGENT,254.952,1645.81,MIA
