TIMESTAMP,TRACK_ID,OBJECT_TYPE,X,Y,CITY_NAME
50.0,52180,AGENT,143.288,2741.93,MIA
50.1,52180,AGENT,143.617,2742.36,MIA
50.2,52180,AGENT,143.919,2742.81,MIA
50.3,52180,AGENT,144.196,2743.28,MIA
50.4,52180,AGENT,144.448,2743.77,MIA
50.5,52180,AGENT,144.676,2744.27,MIA
50.6,52180,AGENT,144.88,2744.79,MIA
50.7,52180,AGENT,145.063,2745.32,MIA
50.8,52180,AGENT,145.224,2745.87,MIA
50.9,52180,AGENT,145.366,2746.43,MIA
51.0,52180,AGENT,145.488,2747.0,MIA
51.1,52180,AGENT,145.593,2747.59,MIA
51.2,52180,AGENT,145.681,2748.18,MIA
51.3,52180,AGENT,145.754,2748.79,MIA
51.4,52180,AGENT,145.812,2749.4,MIA
51.5,52180,AGENT,145.857,2750.03,MIA
51.6,52180,AGENT,145.89,2750.67,MIA
51.7,52180,AGENT,145.912,2751.32,MIA
51.8,52180,AGENT,145.923,2751.97,MIA
51.9,52180,AGENT,145.926,2752.64,MIA
52.0,52180,AGENT,145.92,2753.32,MIA
52.1,52180,AGENT,145.906,2754.01,MIA
52.2,52180,AGENT,145.886,2754.7,MIA
52.3,52180,AGENT,145.861,2755.41,MIA
52.4,52180,AGENT,145.83,2756.12,MIA
52.5,52180,AGENT,145.794,2756.85,MIA
52.6,52180,AGENT,145.755,2757.59,MIA
52.7,52180,AGENT,145.712,2758.33,MIA
52.8,52180,AGENT,145.667,2759.09,MIA
52.9,52180,AGENT,145.619,2759.86,MIA
53.0,52180,AGENT,145.57,2760.63,MIA
53.1,52180,AGENT,145.519,2761.42,MIA
53.2,52180,AGENT,145.466,2762.22,MIA
53.3,52180,AGENT,145.413,2763.02,MIA
53.4,52180,AGENT,145.36,2763.84,MIA
53.5,52180,AGENT,145.305,2764.67,MIA
53.6,52180,AGENT,145.251,2765.51,MIA
53.7,52180,AGENT,145.197,2766.36,MIA
53.8,52180,AGENT,145.143,2767.21,MIA
53.9,52180,AGENT,145.089,2768.08,MIA
54.0,52180,AGENT,145.036,2768.96,MIA
54.1,52180,AGENT,144.983,2769.85,MIA
54.2,52180,AGENT,144.931,2770.75,MIA
54.3,52180,AGENT,144.879,2771.66,MIA
54.4,52180,AGENT,144.827,2772.58,MIA
54.5,52180,AGENT,144.777,2773.51,MIA
54.6,52180,AGENT,144.727,2774.45,MIA
54.7,52180,AGENT,144.677,2775.4,MIA
54.8,52180,AGENT,144.628,2776.37,MIA
54.9,52180,AGENT,144.579,2777.34,MIA
