TIMESTAMP,TRACK_ID,OBJECT_TYPE,X,Y,CITY_NAME
46.0,52180,AGENT,826.258,2066.94,MIA
46.1,52180,AGENT,826.233,2066.27,MIA
46.2,52180,AGENT,826.207,2065.61,MIA
46.3,52180,AGENT,826.18,2064.94,MIA
46.4,52180,AGENT,826.152,2064.28,MIA
46.5,52180,AGENT,826.123,2063.61,MIA
46.6,52180,AGENT,826.095,2062.94,MIA
46.7,52180,AGENT,826.066,2062.28,MIA
46.8,52180,AGENT,826.038,2061.61,MIA
46.9,52180,AGENT,826.012,2060.94,MIA
47.0,52180,AGENT,825.988,2060.27,MIA
47.1,52180,AGENT,825.965,2059.6,MIA
47.2,52180,AGENT,825.946,2058.94,MIA
47.3,52180,AGENT,825.929,2058.28,MIA
47.4,52180,AGENT,825.916,2057.62,MIA
47.5,52180,AGENT,825.905,2056.98,MIA
47.6,52180,AGENT,825.9,2056.34,MIA
47.7,52180,AGENT,825.902,2055.71,MIA
47.8,52180,AGENT,825.911,2055.08,MIA
47.9,52180,AGENT,825.926,2054.45,MIA
48.0,52180,AGENT,825.953,2053.84,MIA
48.1,52180,AGENT,825.994,2053.22,MIA
48.2,52180,AGENT,826.049,2052.61,MIA
48.3,52180,AGENT,826.116,2052.01,MIA
48.4,52180,AGENT,826.195,2051.43,MIA
48.5,52180,AGENT,826.289,2050.85,MIA
48.6,52180,AGENT,826.396,2050.28,MIA
48.7,52180,AGENT,826.517,2049.73,MIA
48.8,52180,AGENT,826.653,2049.19,MIA
48.9,52180,AGENT,826.805,2048.66,MIA
49.0,52180,AGENT,826.97,2048.16,MIA
49.1,52180,AGENT,827.152,2047.67,MIA
49.2,52180,AGENT,827.351,2047.2,MIA
49.3,52180,AGENT,827.566,2046.75,MIA
49.4,52180,AGENT,827.801,2046.32,MIA
49.5,52180,AGENT,828.058,2045.91,MIA
49.6,52180,AGENT,828.337,2045.53,MIA
49.7,52180,AGENT,828.635,2045.17,MIA
49.8,52180,AGENT,828.951,2044.84,MIA
49.9,52180,AGENT,829.282,2044.53,MIA
50.0,52180,AGENT,829.631,2044.25,MIA
50.1,52180,AGENT,829.999,2044.0,MIA
50.2,52180,AGENT,830.385,2043.78,MIA
50.3,52180,AGENT,830.785,2043.59,MIA
50.4,52180,AGENT,831.198,2043.43,MIA
50.5,52180,AGENT,831.622,2043.3,MIA
50.6,52180,AGENT,832.054,2043.2,MIA
50.7,52180,AGENT,832.494,2043.13,MIA
50.8,52180,AGENT,832.939,2043.08,MIA
50.9,52180,AGENT,833.388,2043.07,MIA
