TIMESTAMP,TRACK_ID,OBJECT_TYPE,X,Y,CITY_NAME
56.0,52180,AGENT,3848.69,2362.59,PIT
56.1,52180,AGENT,3847.57,2361.62,PIT
56.2,52180,AGENT,3846.46,2360.64,PIT
56.3,52180,AGENT,3845.35,2359.67,PIT
56.4,52180,AGENT,3844.25,2358.69,PIT
56.5,52180,AGENT,3843.15,2357.71,PIT
56.6,52180,AGENT,3842.04,2356.73,PIT
56.7,52180,AGENT,3840.94,2355.74,PIT
56.8,52180,AGENT,3839.85,2354.75,PIT
56.9,52180,AGENT,3838.75,2353.76,PIT
57.0,52180,AGENT,3837.66,2352.77,PIT
57.1,52180,AGENT,3836.57,2351.78,PIT
57.2,52180,AGENT,3835.48,2350.78,PIT
57.3,52180,AGENT,3834.39,2349.78,PIT
57.4,52180,AGENT,3833.31,2348.78,PIT
57.5,52180,AGENT,3832.22,2347.78,PIT
57.6,52180,AGENT,3831.14,2346.78,PIT
57.7,52180,AGENT,3830.06,2345.77,PIT
57.8,52180,AGENT,3828.98,2344.77,PIT
57.9,52180,AGENT,3827.9,2343.76,PIT
58.0,52180,AGENT,3826.82,2342.76,PIT
58.1,52180,AGENT,3825.74,2341.75,PIT
58.2,52180,AGENT,3824.66,2340.74,PIT
58.3,52180,AGENT,3823.58,2339.73,PIT
58.4,52180,AGENT,3822.51,2338.72,PIT
58.5,52180,AGENT,3821.43,2337.71,PIT
58.6,52180,AGENT,3820.35,2336.71,PIT
58.7,52180,AGENT,3819.28,2335.7,PIT
58.8,52180,AGENT,3818.2,2334.69,PIT
58.9,52180,AGENT,3817.12,2333.68,PIT
59.0,52180,AGENT,3816.04,2332.67,PIT
59.1,52180,AGENT,3814.97,2331.66,PIT
59.2,52180,AGENT,3813.89,2330.65,PIT
59.3,52180,AGENT,3812.81,2329.65,PIT
59.4,52180,AGENT,3811.73,2328.64,PIT
59.5,52180,AGENT,3810.65,2327.63,PIT
59.6,52180,AGENT,3809.57,2326.62,PIT
59.7,52180,AGENT,3808.49,2325.62,PIT
59.8,52180,AGENT,3807.42,2324.61,PIT
59.9,52180,AGENT,3806.34,2323.61,PIT
60.0,52180,AGENT,3805.26,2322.6,PIT
60.1,52180,AGENT,3804.18,2321.59,PIT
60.2,52180,AGENT,3803.1,2320.59,PIT
60.3,52180,AGENT,3802.02,2319.58,PIT
60.4,52180,AGENT,3800.94,2318.58,PIT
60.5,52180,AGENT,3799.86,2317.57,PIT
60.6,52180,AGENT,3798.78,2316.56,PIT
60.7,52180,AGENT,3797.7,2315.56,PIT
60.8,52180,AGENT,3796.62,2314.55,PIT
60.9,52180,AGENT,3795.54,2313.55,PIT
