TIMESTAMP,TRACK_ID,OBJECT_TYPE,X,Y,CITY_NAME
28.0,52180,AGENT,889.602,1618.08,MIA
28.1,52180,AGENT,889.294,1617.58,MIA
28.2,52180,AGENT,888.987,1617.07,MIA
28.3,52180,AGENT,888.68,1616.56,MIA
28.4,52180,AGENT,888.373,1616.05,MIA
28.5,52180,AGENT,888.067,1615.54,MIA
28.6,52180,AGENT,887.761,1615.03,MIA
28.7,52180,AGENT,887.456,1614.52,MIA
28.8,52180,AGENT,887.151,1614.01,MIA
28.9,52180,AGENT,886.847,1613.5,MIA
29.0,52180,AGENT,886.544,1612.99,MIA
29.1,52180,AGENT,886.241,1612.48,MIA
29.2,52180,AGENT,885.938,1611.97,MIA
29.3,52180,AGENT,885.636,1611.46,MIA
29.4,52180,AGENT,885.335,1610.94,MIA
29.5,52180,AGENT,885.033,1610.43,MIA
29.6,52180,AGENT,884.733,1609.92,MIA
29.7,52180,AGENT,884.432,1609.41,MIA
29.8,52180,AGENT,884.132,1608.89,MIA
29.9,52180,AGENT,883.833,1608.38,MIA
30.0,52180,AGENT,883.533,1607.87,MIA
30.1,52180,AGENT,883.234,1607.36,MIA
30.2,52180,AGENT,882.935,1606.84,MIA
30.3,52180,AGENT,882.636,1606.33,MIA
30.4,52180,AGENT,882.337,1605.82,MIA
30.5,52180,AGENT,882.038,1605.3,MIA
30.6,52180,AGENT,881.738,1604.79,MIA
30.7,52180,AGENT,881.439,1604.27,MIA
30.8,52180,AGENT,881.139,1603.76,MIA
30.9,52180,AGENT,880.839,1603.25,MIA
31.0,52180,AGENT,880.538,1602.74,MIA
31.1,52180,AGENT,880.237,1602.22,MIA
31.2,52180,AGENT,879.936,1601.71,MIA
31.3,52180,AGENT,879.634,1601.2,MIA
31.4,52180,AGENT,879.332,1600.69,MIA
31.5,52180,AGENT,879.029,1600.17,MIA
31.6,52180,AGENT,878.725,1599.66,MIA
31.7,52180,AGENT,878.422,1599.15,MIA
31.8,52180,AGENT,878.118,1598.64,MIA
31.9,52180,AGENT,877.813,1598.13,MIA
32.0,52180,AGENT,877.509,1597.61,MIA
32.1,52180,AGENT,877.204,1597.1,MIA
32.2,52180,AGENT,876.9,1596.59,MIA
32.3,52180,AGENT,876.596,1596.08,MIA
32.4,52180,AGENT,876.293,1595.56,MIA
32.5,52180,AGENT,875.99,1595.05,MIA
32.6,52180,AGENT,875.689,1594.53,MIA
32.7,52180,AGENT,875.389,1594.02,MIA
32.8,52180,AGENT,875.091,1593.5,MIA
32.9,52180,AGENT,874.795,1592.98,MIA
