TIMESTAMP,TRACK_ID,OBJECT_TYPE,X,Y,CITY_NAME
252.0,52180,AGENT,212.877,2008.18,MIA
252.1,52180,AGENT,212.824,2007.68,MIA
252.2,52180,AGENT,212.771,2007.18,MIA
252.3,52180,AGENT,212.718,2006.68,MIA
252.4,52180,AGENT,212.665,2006.18,MIA
252.5,52180,AGENT,212.613,2005.68,MIA
252.6,52180,AGENT,212.56,2005.18,MIA
252.7,52180,AGENT,212.507,2004.68,MIA
252.8,52180,AGENT,212.454,2004.18,MIA
252.9,52180,AGENT,212.401,2003.68,MIA
253.0,52180,AGENT,212.348,2003.18,MIA
253.1,52180,AGENT,212.295,2002.69,MIA
253.2,52180,AGENT,212.242,2002.19,MIA
253.3,52180,AGENT,212.189,2001.69,MIA
253.4,52180,AGENT,212.136,2001.19,MIA
253.5,52180,AGENT,212.083,2000.69,MIA
253.6,52180,AGENT,212.031,2000.19,MIA
253.7,52180,AGENT,211.978,1999.69,MIA
253.8,52180,AGENT,211.925,1999.19,MIA
253.9,52180,AGENT,211.872,1998.69,MIA
254.0,52180,AGENT,211.819,1998.19,MIA
254.1,52180,AGENT,211.766,1997.69,MIA
254.2,52180,AGENT,211.713,1997.2,MIA
254.3,52180,AGENT,211.66,1996.7,MIA
254.4,52180,AGENT,211.607,1996.2,MIA
254.5,52180,AGENT,211.554,1995.7,MIA
254.6,52180,AGENT,211.501,1995.2,MIA
254.7,52180,AGENT,211.449,1994.7,MIA
254.8,52180,AGENT,211.396,1994.2,MIA
254.9,52180,AGENT,211.343,1993.7,MIA
255.0,52180,AGENT,211.29,1993.2,MIA
255.1,52180,AGENT,211.237,1992.7,MIA
255.2,52180,AGENT,211.184,1992.2,MIA
255.3,52180,AGENT,211.131,1991.71,MIA
255.4,52180,AGENT,211.078,1991.21,MIA
255.5,52180,AGENT,211.025,1990.71,MIA
255.6,52180,AGENT,210.972,1990.21,MIA
255.7,52180,AGENT,210.92,1989.71,MIA
255.8,52180,AGENT,210.867,1989.21,MIA
255.9,52180,AGENT,210.814,1988.71,MIA
256.0,52180,AGENT,210.761,1988.21,MIA
256.1,52180,AGENT,210.708,1987.71,MIA
256.2,52180,AGENT,210.655,1987.21,MIA
256.3,52180,AGENT,210.602,1986.71,MIA
256.4,52180,AGENT,210.549,1986.22,MIA
256.5,52180,AGENT,210.496,1985.72,MIA
256.6,52180,AGENT,210.443,1985.22,MIA
256.7,52180,AGENT,210.39,1984.72,MIA
256.8,52180,AGENT,210.338,1984.22,MIA
256.9,52180,AGENT,210.285,1983.72,MIA
