TIMESTAMP,TRACK_ID,OBJECT_TYPE,X,Y,CITY_NAME
116.0,52180,AGENT,-108.511,2175.38,MIA
116.1,52180,AGENT,-108.956,2175.38,MIA
116.2,52180,AGENT,-109.399,2175.38,MIA
116.3,52180,AGENT,-109.842,2175.38,MIA
116.4,52180,AGENT,-110.282,2175.37,MIA
116.5,52180,AGENT,-110.722,2175.37,MIA
116.6,52180,AGENT,-111.16,2175.37,MIA
116.7,52180,AGENT,-111.592,2175.36,MIA
116.8,52180,AGENT,-112.016,2175.36,MIA
116.9,52180,AGENT,-112.431,2175.35,MIA
117.0,52180,AGENT,-112.836,2175.35,MIA
117.1,52180,AGENT,-113.237,2175.33,MIA
117.2,52180,AGENT,-113.638,2175.32,MIA
117.3,52180,AGENT,-114.039,2175.29,MIA
117.4,52180,AGENT,-114.439,2175.26,MIA
117.5,52180,AGENT,-114.837,2175.22,MIA
117.6,52180,AGENT,-115.234,2175.17,MIA
117.7,52180,AGENT,-115.629,2175.11,MIA
117.8,52180,AGENT,-116.021,2175.04,MIA
117.9,52180,AGENT,-116.411,2174.96,MIA
118.0,52180,AGENT,-116.797,2174.86,MIA
118.1,52180,AGENT,-117.179,2174.76,MIA
118.2,52180,AGENT,-117.557,2174.64,MIA
118.3,52180,AGENT,-117.931,2174.52,MIA
118.4,52180,AGENT,-118.299,2174.38,MIA
118.5,52180,AGENT,-118.661,2174.23,MIA
118.6,52180,AGENT,-119.017,2174.08,MIA
118.7,52180,AGENT,-119.367,2173.91,MIA
118.8,52180,AGENT,-119.71,2173.73,MIA
118.9,52180,AGENT,-120.046,2173.54,MIA
119.0,52180,AGENT,-120.375,2173.34,MIA
119.1,52180,AGENT,-120.695,2173.14,MIA
119.2,52180,AGENT,-121.008,2172.92,MIA
119.3,52180,AGENT,-121.313,2172.7,MIA
119.4,52180,AGENT,-121.609,2172.46,MIA
119.5,52180,AGENT,-121.896,2172.22,MIA
119.6,52180,AGENT,-122.174,2171.98,MIA
119.7,52180,AGENT,-122.444,2171.72,MIA
119.8,52180,AGENT,-122.704,2171.46,MIA
119.9,52180,AGENT,-122.955,2171.19,MIA
120.0,52180,AGENT,-123.196,2170.92,MIA
120.1,52180,AGENT,-123.429,2170.63,MIA
120.2,52180,AGENT,-123.653,2170.34,MIA
120.3,52180,AGENT,-123.867,2170.04,MIA
120.4,52180,AGENT,-124.072,2169.74,MIA
120.5,52180,AGENT,-124.269,2169.43,MIA
120.6,52180,AGENT,-124.455,2169.11,MIA
120.7,52180,AGENT,-124.633,2168.78,MIA
120.8,52180,AGENT,-124.802,2168.45,MIA
120.9,52180,AGENT,-124.962,2168.11,MIA
