TIMESTAMP,TRACK_ID,OBJECT_TYPE,X,Y,CITY_NAME
140.0,52180,AGENT,-321.897,1007.28,MIA
140.1,52180,AGENT,-321.917,1007.78,MIA
140.2,52180,AGENT,-321.937,1008.29,MIA
140.3,52180,AGENT,-321.957,1008.79,MIA
140.4,52180,AGENT,-321.977,1009.3,MIA
140.5,52180,AGENT,-321.997,1009.8,MIA
140.6,52180,AGENT,-322.017,1010.31,MIA
140.7,52180,AGENT,-322.037,1010.81,MIA
140.8,52180,AGENT,-322.057,1011.32,MIA
140.9,52180,AGENT,-322.077,1011.82,MIA
141.0,52180,AGENT,-322.097,1012.33,MIA
141.1,52180,AGENT,-322.117,1012.83,MIA
141.2,52180,AGENT,-322.137,1013.34,MIA
141.3,52180,AGENT,-322.157,1013.84,MIA
141.4,52180,AGENT,-322.177,1014.35,MIA
141.5,52180,AGENT,-322.198,1014.85,MIA
141.6,52180,AGENT,-322.218,1015.36,MIA
141.7,52180,AGENT,-322.239,1015.86,MIA
141.8,52180,AGENT,-322.259,1016.37,MIA
141.9,52180,AGENT,-322.28,1016.87,MIA
142.0,52180,AGENT,-322.301,1017.38,MIA
142.1,52180,AGENT,-322.322,1017.88,MIA
142.2,52180,AGENT,-322.343,1018.39,MIA
142.3,52180,AGENT,-322.364,1018.89,MIA
142.4,52180,AGENT,-322.386,1019.4,MIA
142.5,52180,AGENT,-322.408,1019.9,MIA
142.6,52180,AGENT,-322.429,1020.41,MIA
142.7,52180,AGENT,-322.451,1020.91,MIA
142.8,52180,AGENT,-322.473,1021.42,MIA
142.9,52180,AGENT,-322.496,1021.92,MIA
143.0,52180,AGENT,-322.518,1022.43,MIA
143.1,52180,AGENT,-322.54,1022.93,MIA
143.2,52180,AGENT,-322.563,1023.44,MIA
143.3,52180,AGENT,-322.585,1023.94,MIA
143.4,52180,AGENT,-322.608,1024.45,MIA
143.5,52180,AGENT,-322.63,1024.95,MIA
143.6,52180,AGENT,-322.652,1025.46,MIA
143.7,52180,AGENT,-322.675,1025.96,MIA
143.8,52180,AGENT,-322.697,1026.47,MIA
143.9,52180,AGENT,-322.72,1026.97,MIA
144.0,52180,AGENT,-322.742,1027.48,MIA
144.1,52180,AGENT,-322.764,1027.98,MIA
144.2,52180,AGENT,-322.786,1028.49,MIA
144.3,52180,AGENT,-322.807,1028.99,MIA
144.4,52180,AGENT,-322.829,1029.5,MIA
144.5,52180,AGENT,-322.85,1030.0,MIA
144.6,52180,AGENT,-322.871,1030.51,MIA
144.7,52180,AGENT,-322.892,1031.01,MIA
144.8,52180,AGENT,-322.913,1031.52,MIA
144.9,52180,AGENT,-322.934,1032.02,MIA
