TIMESTAMP,TRACK_ID,OBJECT_TYPE,X,Y,CITY_NAME
98.0,52180,AGENT,1548.74,347.408,PIT
98.1,52180,AGENT,1548.17,347.206,PIT
98.2,52180,AGENT,1547.6,347.005,PIT
98.3,52180,AGENT,1547.03,346.803,PIT
98.4,52180,AGENT,1546.46,346.602,PIT
98.5,52180,AGENT,1545.88,346.4,PIT
98.6,52180,AGENT,1545.31,346.199,PIT
98.7,52180,AGENT,1544.74,345.998,PIT
98.8,52180,AGENT,1544.17,345.796,PIT
98.9,52180,AGENT,1543.6,345.595,PIT
99.0,52180,AGENT,1543.02,345.394,PIT
99.1,52180,AGENT,1542.45,345.192,PIT
99.2,52180,AGENT,1541.88,344.991,PIT
99.3,52180,AGENT,1541.31,344.789,PIT
99.4,52180,AGENT,1540.74,344.588,PIT
99.5,52180,AGENT,1540.16,344.387,PIT
99.6,52180,AGENT,1539.59,344.185,PIT
99.7,52180,AGENT,1539.02,343.984,PIT
99.8,52180,AGENT,1538.45,343.783,PIT
99.9,52180,AGENT,1537.88,343.581,PIT
100.0,52180,AGENT,1537.3,343.38,PIT
100.1,52180,AGENT,1536.73,343.179,PIT
100.2,52180,AGENT,1536.16,342.977,PIT
100.3,52180,AGENT,1535.59,342.776,PIT
100.4,52180,AGENT,1535.02,342.574,PIT
100.5,52180,AGENT,1534.44,342.373,PIT
100.6,52180,AGENT,1533.87,342.171,PIT
100.7,52180,AGENT,1533.3,341.97,PIT
100.8,52180,AGENT,1532.73,341.768,PIT
100.9,52180,AGENT,1532.16,341.566,PIT
101.0,52180,AGENT,1531.58,341.365,PIT
101.1,52180,AGENT,1531.01,341.163,PIT
101.2,52180,AGENT,1530.44,340.961,PIT
101.3,52180,AGENT,1529.87,340.76,PIT
101.4,52180,AGENT,1529.3,340.558,PIT
101.5,52180,AGENT,1528.72,340.356,PIT
101.6,52180,AGENT,1528.15,340.154,PIT
101.7,52180,AGENT,1527.58,339.952,PIT
101.8,52180,AGENT,1527.01,339.751,PIT
101.9,52180,AGENT,1526.44,339.549,PIT
102.0,52180,AGENT,1525.86,339.347,PIT
102.1,52180,AGENT,1525.29,339.145,PIT
102.2,52180,AGENT,1524.72,338.943,PIT
102.3,52180,AGENT,1524.15,338.741,PIT
102.4,52180,AGENT,1523.58,338.539,PIT
102.5,52180,AGENT,1523.01,338.337,PIT
102.6,52180,AGENT,1522.43,338.135,PIT
102.7,52180,AGENT,1521.86,337.933,PIT
102.8,52180,AGENT,1521.29,337.731,PIT
102.9,52180,AGENT,1520.72,337.529,PIT
