TIMESTAMP,TRACK_ID,OBJECT_TYPE,X,Y,CITY_NAME
104.0,52180,AGENT,1514.43,335.305,PIT
104.1,52180,AGENT,1513.86,335.103,PIT
104.2,52180,AGENT,1513.29,334.901,PIT
104.3,52180,AGENT,1512.71,334.698,PIT
104.4,52180,AGENT,1512.14,334.496,PIT
104.5,52180,AGENT,1511.57,334.294,PIT
104.6,52180,AGENT,1511.0,334.091,PIT
104.7,52180,AGENT,1510.43,333.889,PIT
104.8,52180,AGENT,1509.86,333.686,PIT
104.9,52180,AGENT,1509.28,333.483,PIT
105.0,52180,AGENT,1508.71,333.281,PIT
105.1,52180,AGENT,1508.14,333.078,PIT
105.2,52180,AGENT,1507.57,332.875,PIT
105.3,52180,AGENT,1507.0,332.672,PIT
105.4,52180,AGENT,1506.43,332.469,PIT
105.5,52180,AGENT,1505.85,332.265,PIT
105.6,52180,AGENT,1505.28,332.062,PIT
105.7,52180,AGENT,1504.71,331.859,PIT
105.8,52180,AGENT,1504.15,331.658,PIT
105.9,52180,AGENT,1503.59,331.461,PIT
106.0,52180,AGENT,1503.04,331.266,PIT
106.1,52180,AGENT,1502.5,331.073,PIT
106.2,52180,AGENT,1501.97,330.883,PIT
106.3,52180,AGENT,1501.43,330.693,PIT
106.4,52180,AGENT,1500.9,330.504,PIT
106.5,52180,AGENT,1500.37,330.314,PIT
106.6,52180,AGENT,1499.84,330.123,PIT
106.7,52180,AGENT,1499.31,329.933,PIT
106.8,52180,AGENT,1498.77,329.742,PIT
106.9,52180,AGENT,1498.24,329.55,PIT
107.0,52180,AGENT,1497.7,329.358,PIT
107.1,52180,AGENT,1497.17,329.165,PIT
107.2,52180,AGENT,1496.63,328.971,PIT
107.3,52180,AGENT,1496.1,328.777,PIT
107.4,52180,AGENT,1495.56,328.583,PIT
107.5,52180,AGENT,1495.02,328.387,PIT
107.6,52180,AGENT,1494.48,328.191,PIT
107.7,52180,AGENT,1493.94,327.995,PIT
107.8,52180,AGENT,1493.41,327.8,PIT
107.9,52180,AGENT,1492.88,327.608,PIT
108.0,52180,AGENT,1492.36,327.419,PIT
108.1,52180,AGENT,1491.85,327.233,PIT
108.2,52180,AGENT,1491.35,327.05,PIT
108.3,52180,AGENT,1490.86,326.869,PIT
108.4,52180,AGENT,1490.38,326.692,PIT
108.5,52180,AGENT,1489.9,326.517,PIT
108.6,52180,AGENT,1489.43,326.344,PIT
108.7,52180,AGENT,1488.96,326.17,PIT
108.8,52180,AGENT,1488.48,325.995,PIT
108.9,52180,AGENT,1488.01,325.82,PIT
