TIMESTAMP,TRACK_ID,OBJECT_TYPE,X,Y,CITY_NAME
100.0,52180,AGENT,246.705,1337.2,MIA
100.1,52180,AGENT,246.735,1336.5,MIA
100.2,52180,AGENT,246.765,1335.79,MIA
100.3,52180,AGENT,246.795,1335.09,MIA
100.4,52180,AGENT,246.825,1334.38,MIA
100.5,52180,AGENT,246.855,1333.67,MIA
100.6,52180,AGENT,246.885,1332.97,MIA
100.7,52180,AGENT,246.914,1332.26,MIA
100.8,52180,AGENT,246.944,1331.56,MIA
100.9,52180,AGENT,246.973,1330.85,MIA
101.0,52180,AGENT,247.002,1330.15,MIA
101.1,52180,AGENT,247.031,1329.44,MIA
101.2,52180,AGENT,247.06,1328.73,MIA
101.3,52180,AGENT,247.088,1328.03,MIA
101.4,52180,AGENT,247.117,1327.32,MIA
101.5,52180,AGENT,247.145,1326.62,MIA
101.6,52180,AGENT,247.173,1325.91,MIA
101.7,52180,AGENT,247.2,1325.21,MIA
101.8,52180,AGENT,247.228,1324.5,MIA
101.9,52180,AGENT,247.255,1323.79,MIA
102.0,52180,AGENT,247.283,1323.09,MIA
102.1,52180,AGENT,247.31,1322.38,MIA
102.2,52180,AGENT,247.337,1321.68,MIA
102.3,52180,AGENT,247.363,1320.97,MIA
102.4,52180,AGENT,247.39,1320.27,MIA
102.5,52180,AGENT,247.416,1319.56,MIA
102.6,52180,AGENT,247.442,1318.85,MIA
102.7,52180,AGENT,247.469,1318.15,MIA
102.8,52180,AGENT,247.495,1317.44,MIA
102.9,52180,AGENT,247.52,1316.74,MIA
103.0,52180,AGENT,247.546,1316.03,MIA
103.1,52180,AGENT,247.572,1315.33,MIA
103.2,52180,AGENT,247.597,1314.62,MIA
103.3,52180,AGENT,247.623,1313.91,MIA
103.4,52180,AGENT,247.648,1313.21,MIA
103.5,52180,AGENT,247.673,1312.5,MIA
103.6,52180,AGENT,247.699,1311.8,MIA
103.7,52180,AGENT,247.724,1311.09,MIA
103.8,52180,AGENT,247.749,1310.38,MIA
103.9,52180,AGENT,247.774,1309.68,MIA
104.0,52180,AGENT,247.799,1308.97,MIA
104.1,52180,AGENT,247.824,1308.27,MIA
104.2,52180,AGENT,247.848,1307.56,MIA
104.3,52180,AGENT,247.873,1306.86,MIA
104.4,52180,AGENT,247.898,1306.15,MIA
104.5,52180,AGENT,247.923,1305.44,MIA
104.6,52180,AGENT,247.947,1304.74,MIA
104.7,52180,AGENT,247.972,1304.03,MIA
104.8,52180,AGENT,247.997,1303.33,MIA
104.9,52180,AGENT,248.021,1302.62,MIA
