TIMESTAMP,TRACK_ID,OBJECT_TYPE,X,Y,CITY_NAME
64.0,52180,AGENT,-97.2959,3810.07,MIA
64.1,52180,AGENT,-97.6311,3810.24,MIA
64.2,52180,AGENT,-97.954,3810.43,MIA
64.3,52180,AGENT,-98.264,3810.64,MIA
64.4,52180,AGENT,-98.5607,3810.86,MIA
64.5,52180,AGENT,-98.844,3811.09,MIA
64.6,52180,AGENT,-99.1143,3811.33,MIA
64.7,52180,AGENT,-99.372,3811.6,MIA
64.8,52180,AGENT,-99.6167,3811.89,MIA
64.9,52180,AGENT,-99.8484,3812.19,MIA
65.0,52180,AGENT,-100.067,3812.51,MIA
65.1,52180,AGENT,-100.272,3812.85,MIA
65.2,52180,AGENT,-100.465,3813.21,MIA
65.3,52180,AGENT,-100.644,3813.58,MIA
65.4,52180,AGENT,-100.812,3813.96,MIA
65.5,52180,AGENT,-100.967,3814.36,MIA
65.6,52180,AGENT,-101.11,3814.78,MIA
65.7,52180,AGENT,-101.242,3815.2,MIA
65.8,52180,AGENT,-101.363,3815.64,MIA
65.9,52180,AGENT,-101.473,3816.1,MIA
66.0,52180,AGENT,-101.574,3816.56,MIA
66.1,52180,AGENT,-101.666,3817.04,MIA
66.2,52180,AGENT,-101.749,3817.53,MIA
66.3,52180,AGENT,-101.823,3818.04,MIA
66.4,52180,AGENT,-101.891,3818.55,MIA
66.5,52180,AGENT,-101.951,3819.08,MIA
66.6,52180,AGENT,-102.005,3819.62,MIA
66.7,52180,AGENT,-102.053,3820.17,MIA
66.8,52180,AGENT,-102.095,3820.73,MIA
66.9,52180,AGENT,-102.133,3821.31,MIA
67.0,52180,AGENT,-102.166,3821.9,MIA
67.1,52180,AGENT,-102.196,3822.49,MIA
67.2,52180,AGENT,-102.222,3823.1,MIA
67.3,52180,AGENT,-102.244,3823.72,MIA
67.4,52180,AGENT,-102.265,3824.35,MIA
67.5,52180,AGENT,-102.283,3824.98,MIA
67.6,52180,AGENT,-102.299,3825.63,MIA
67.7,52180,AGENT,-102.313,3826.28,MIA
67.8,52180,AGENT,-102.326,3826.95,MIA
67.9,52180,AGENT,-102.338,3827.62,MIA
68.0,52180,AGENT,-102.35,3828.31,MIA
68.1,52180,AGENT,-102.361,3829.0,MIA
68.2,52180,AGENT,-102.372,3829.7,MIA
68.3,52180,AGENT,-102.382,3830.41,MIA
68.4,52180,AGENT,-102.392,3831.12,MIA
68.5,52180,AGENT,-102.403,3831.82,MIA
68.6,52180,AGENT,-102.413,3832.53,MIA
68.7,52180,AGENT,-102.423,3833.24,MIA
68.8,52180,AGENT,-102.434,3833.95,MIA
68.9,52180,AGENT,-102.445,3834.65,MIA
