TIMESTAMP,TRACK_ID,OBJECT_TYPE,X,Y,CITY_NAME
12.0,52180,AGENT,697.549,1113.07,MIA
12.1,52180,AGENT,697.425,1112.27,MIA
12.2,52180,AGENT,697.301,1111.47,MIA
12.3,52180,AGENT,697.178,1110.67,MIA
12.4,52180,AGENT,697.056,1109.87,MIA
12.5,52180,AGENT,696.934,1109.07,MIA
12.6,52180,AGENT,696.814,1108.27,MIA
12.7,52180,AGENT,696.694,1107.47,MIA
12.8,52180,AGENT,696.576,1106.66,MIA
12.9,52180,AGENT,696.459,1105.86,MIA
13.0,52180,AGENT,696.344,1105.06,MIA
13.1,52180,AGENT,696.23,1104.26,MIA
13.2,52180,AGENT,696.117,1103.46,MIA
13.3,52180,AGENT,696.007,1102.66,MIA
13.4,52180,AGENT,695.898,1101.85,MIA
13.5,52180,AGENT,695.791,1101.05,MIA
13.6,52180,AGENT,695.686,1100.25,MIA
13.7,52180,AGENT,695.583,1099.45,MIA
13.8,52180,AGENT,695.482,1098.64,MIA
13.9,52180,AGENT,695.384,1097.84,MIA
14.0,52180,AGENT,695.288,1097.04,MIA
14.1,52180,AGENT,695.195,1096.23,MIA
14.2,52180,AGENT,695.104,1095.43,MIA
14.3,52180,AGENT,695.015,1094.62,MIA
14.4,52180,AGENT,694.929,1093.82,MIA
14.5,52180,AGENT,694.846,1093.02,MIA
14.6,52180,AGENT,694.765,1092.21,MIA
14.7,52180,AGENT,694.686,1091.41,MIA
14.8,52180,AGENT,694.61,1090.6,MIA
14.9,52180,AGENT,694.537,1089.79,MIA
15.0,52180,AGENT,694.466,1088.99,MIA
15.1,52180,AGENT,694.397,1088.18,MIA
15.2,52180,AGENT,694.332,1087.38,MIA
15.3,52180,AGENT,694.268,1086.57,MIA
15.4,52180,AGENT,694.207,1085.76,MIA
15.5,52180,AGENT,694.149,1084.96,MIA
15.6,52180,AGENT,694.093,1084.15,MIA
15.7,52180,AGENT,694.039,1083.34,MIA
15.8,52180,AGENT,693.988,1082.54,MIA
15.9,52180,AGENT,693.939,1081.73,MIA
16.0,52180,AGENT,693.892,1080.92,MIA
16.1,52180,AGENT,693.847,1080.11,MIA
16.2,52180,AGENT,693.805,1079.31,MIA
16.3,52180,AGENT,693.764,1078.5,MIA
16.4,52180,AGENT,693.726,1077.69,MIA
16.5,52180,AGENT,693.689,1076.88,MIA
16.6,52180,AGENT,693.655,1076.08,MIA
16.7,52180,AGENT,693.622,1075.27,MIA
16.8,52180,AGENT,693.591,1074.46,MIA
16.9,52180,AGENT,693.562,1073.65,MIA
