TIMESTAMP,TRACK_ID,OBJECT_TYPE,X,Y,CITY_NAME
166.0,52180,AGENT,216.643,2044.82,MIA
166.1,52180,AGENT,216.558,2044.02,MIA
166.2,52180,AGENT,216.474,2043.23,MIA
166.3,52180,AGENT,216.389,2042.43,MIA
166.4,52180,AGENT,216.304,2041.63,MIA
166.5,52180,AGENT,216.22,2040.83,MIA
166.6,52180,AGENT,216.135,2040.03,MIA
166.7,52180,AGENT,216.051,2039.23,MIA
166.8,52180,AGENT,215.966,2038.43,MIA
166.9,52180,AGENT,215.881,2037.64,MIA
167.0,52180,AGENT,215.797,2036.84,MIA
167.1,52180,AGENT,215.712,2036.04,MIA
167.2,52180,AGENT,215.628,2035.24,MIA
167.3,52180,AGENT,215.543,2034.44,MIA
167.4,52180,AGENT,215.458,2033.64,MIA
167.5,52180,AGENT,215.374,2032.84,MIA
167.6,52180,AGENT,215.289,2032.05,MIA
167.7,52180,AGENT,215.205,2031.25,MIA
167.8,52180,AGENT,215.12,2030.45,MIA
167.9,52180,AGENT,215.035,2029.65,MIA
168.0,52180,AGENT,214.951,2028.85,MIA
168.1,52180,AGENT,214.866,2028.05,MIA
168.2,52180,AGENT,214.781,2027.25,MIA
168.3,52180,AGENT,214.697,2026.46,MIA
168.4,52180,AGENT,214.612,2025.66,MIA
168.5,52180,AGENT,214.528,2024.86,MIA
168.6,52180,AGENT,214.443,2024.06,MIA
168.7,52180,AGENT,214.358,2023.26,MIA
168.8,52180,AGENT,214.274,2022.46,MIA
168.9,52180,AGENT,214.189,2021.66,MIA
169.0,52180,AGENT,214.105,2020.87,MIA
169.1,52180,AGENT,214.02,2020.07,MIA
169.2,52180,AGENT,213.935,2019.27,MIA
169.3,52180,AGENT,213.851,2018.47,MIA
169.4,52180,AGENT,213.766,2017.67,MIA
169.5,52180,AGENT,213.682,2016.87,MIA
169.6,52180,AGENT,213.597,2016.07,MIA
169.7,52180,AGENT,213.512,2015.28,MIA
169.8,52180,AGENT,213.428,2014.48,MIA
169.9,52180,AGENT,213.343,2013.68,MIA
170.0,52180,AGENT,213.259,2012.88,MIA
170.1,52180,AGENT,213.174,2012.08,MIA
170.2,52180,AGENT,213.089,2011.28,MIA
170.3,52180,AGENT,213.005,2010.48,MIA
170.4,52180,AGENT,212.92,2009.68,MIA
170.5,52180,AGENT,212.836,2008.89,MIA
170.6,52180,AGENT,212.751,2008.09,MIA
170.7,52180,AGENT,212.666,2007.29,MIA
170.8,52180,AGENT,212.582,2006.49,MIA
170.9,52180,AGENT,212.497,2005.69,MIA
